amostra,utc,tempo_relativo_s,pid,criado_epoch_s,papel,cpu_intervalo_real_s,cpu_uma_cpu_pct,cpu_capacidade_vm_pct,rss_bytes,vms_bytes,uss_bytes,pss_bytes,erro
1,2026-10-08T22:10:36.002021+00:00,1.0049188900002264,1815,1791494081.99,principal,,,,24043520,32919552,,,
1,2026-10-08T22:10:36.002021+00:00,1.0049188900002264,1816,1791494082.08,descendente,,,,11190272,19447808,,,
1,2026-10-08T22:10:36.002021+00:00,1.0049188900002264,1817,1791494082.08,descendente,,,,45969408,509427712,,,
1,2026-10-08T22:10:36.002021+00:00,1.0049188900002264,1818,1791494082.08,descendente,,,,45834240,509427712,,,
2,2026-10-08T22:10:37.000599+00:00,2.0032511359995624,1815,1791494081.99,principal,0.9985759760002111,0.0,0.0,24043520,32919552,,,
2,2026-10-08T22:10:37.000599+00:00,2.0032511359995624,1816,1791494082.08,descendente,0.9985765080000419,0.0,0.0,11190272,19447808,,,
2,2026-10-08T22:10:37.000599+00:00,2.0032511359995624,1817,1791494082.08,descendente,0.9985774520000632,1.0014245745246682,0.5007122872623341,45969408,509427712,,,
2,2026-10-08T22:10:37.000599+00:00,2.0032511359995624,1818,1791494082.08,descendente,0.9985813820003386,0.0,0.0,45834240,509427712,,,
3,2026-10-08T22:10:38.001346+00:00,3.0041547149994585,1815,1791494081.99,principal,1.0007451389992639,0.0,0.0,24043520,32919552,,,
3,2026-10-08T22:10:38.001346+00:00,3.0041547149994585,1816,1791494082.08,descendente,1.000738511000236,0.0,0.0,11190272,19447808,,,
3,2026-10-08T22:10:38.001346+00:00,3.0041547149994585,1817,1791494082.08,descendente,1.0007324200005314,0.0,0.0,45969408,509427712,,,
3,2026-10-08T22:10:38.001346+00:00,3.0041547149994585,1818,1791494082.08,descendente,1.0007850129995859,0.0,0.0,45834240,509427712,,,
4,2026-10-08T22:10:39.000211+00:00,4.003138357999887,1815,1791494081.99,principal,0.998860894000245,0.0,0.0,24043520,32919552,,,
4,2026-10-08T22:10:39.000211+00:00,4.003138357999887,1816,1791494082.08,descendente,0.9988643999995475,0.0,0.0,11190272,19447808,,,
4,2026-10-08T22:10:39.000211+00:00,4.003138357999887,1817,1791494082.08,descendente,0.9988637320002454,63.071666316125764,31.535833158062882,45969408,509427712,,,
4,2026-10-08T22:10:39.000211+00:00,4.003138357999887,1818,1791494082.08,descendente,0.99880587700045,67.08010189247787,33.540050946238935,45838336,509427712,,,
5,2026-10-08T22:10:39.999589+00:00,5.002515879999919,1815,1791494081.99,principal,0.9993806150005184,0.0,0.0,24043520,32919552,,,
5,2026-10-08T22:10:39.999589+00:00,5.002515879999919,1816,1791494082.08,descendente,0.9993757050006025,0.0,0.0,11190272,19447808,,,
5,2026-10-08T22:10:39.999589+00:00,5.002515879999919,1817,1791494082.08,descendente,0.9993772729994816,84.05234166262467,42.026170831312335,45969408,509427712,,,
5,2026-10-08T22:10:39.999589+00:00,5.002515879999919,1818,1791494082.08,descendente,0.9993842009998843,89.05483988136442,44.52741994068221,45838336,735932416,,,
6,2026-10-08T22:10:40.999425+00:00,6.002317716999642,1815,1791494081.99,principal,0.9998368879996633,0.0,0.0,24043520,32919552,,,
6,2026-10-08T22:10:40.999425+00:00,6.002317716999642,1816,1791494082.08,descendente,0.9998425979993044,0.0,0.0,11190272,19447808,,,
6,2026-10-08T22:10:40.999425+00:00,6.002317716999642,1817,1791494082.08,descendente,0.9998507709997284,77.01149234799932,38.50574617399966,45969408,509427712,,,
6,2026-10-08T22:10:40.999425+00:00,6.002317716999642,1818,1791494082.08,descendente,0.9998502449998341,85.0127310815595,42.50636554077975,45838336,811433984,,,
7,2026-10-08T22:10:42.062139+00:00,7.0647594430001845,1815,1791494081.99,principal,1.0627121870002156,0.0,0.0,24043520,32919552,,,
7,2026-10-08T22:10:42.062139+00:00,7.0647594430001845,1816,1791494082.08,descendente,1.0627069620004477,0.0,0.0,11190272,19447808,,,
7,2026-10-08T22:10:42.062139+00:00,7.0647594430001845,1817,1791494082.08,descendente,1.062698525000087,68.69304725909528,34.34652362954764,45969408,509427712,,,
7,2026-10-08T22:10:42.062139+00:00,7.0647594430001845,1818,1791494082.08,descendente,1.062692147999769,70.57547206042302,35.28773603021151,45838336,811433984,,,
8,2026-10-08T22:10:43.066913+00:00,8.069792014000086,1815,1791494081.99,principal,1.0047763879993,0.0,0.0,24043520,32919552,,,
8,2026-10-08T22:10:43.066913+00:00,8.069792014000086,1816,1791494082.08,descendente,1.0047800579995965,0.0,0.0,11190272,19447808,,,
8,2026-10-08T22:10:43.066913+00:00,8.069792014000086,1817,1791494082.08,descendente,1.0047840779998296,84.59528953643046,42.29764476821523,45969408,584929280,,,
8,2026-10-08T22:10:43.066913+00:00,8.069792014000086,1818,1791494082.08,descendente,1.0047891980002532,81.60915758569325,40.80457879284663,45838336,811433984,,,
9,2026-10-08T22:10:43.998021+00:00,9.00030517399955,1815,1791494081.99,principal,0.9312298960003318,0.0,0.0,24043520,32919552,,,
9,2026-10-08T22:10:43.998021+00:00,9.00030517399955,1816,1791494082.08,descendente,0.9312315659999513,0.0,0.0,11190272,19447808,,,
9,2026-10-08T22:10:43.998021+00:00,9.00030517399955,1817,1791494082.08,descendente,0.931226766000691,81.6127744334553,40.80638721672765,45969408,584929280,,,
9,2026-10-08T22:10:43.998021+00:00,9.00030517399955,1818,1791494082.08,descendente,0.931222314000479,83.76087946703619,41.880439733518095,46108672,811433984,,,
10,2026-10-08T22:10:45.077586+00:00,10.071293396000328,1815,1791494081.99,principal,1.0794492679997347,0.0,0.0,24043520,32919552,,,
10,2026-10-08T22:10:45.077586+00:00,10.071293396000328,1816,1791494082.08,descendente,1.0794483590007076,0.0,0.0,11190272,19447808,,,
10,2026-10-08T22:10:45.077586+00:00,10.071293396000328,1817,1791494082.08,descendente,1.0794522699998197,85.22840940434659,42.614204702173296,45969408,584929280,,,
10,2026-10-08T22:10:45.077586+00:00,10.071293396000328,1818,1791494082.08,descendente,1.0794540599999891,71.33235480164757,35.666177400823784,46108672,811433984,,,
11,2026-10-08T22:10:46.004019+00:00,11.00696119300028,1815,1791494081.99,principal,0.9264238320001823,0.0,0.0,24043520,32919552,,,
11,2026-10-08T22:10:46.004019+00:00,11.00696119300028,1816,1791494082.08,descendente,0.9264168589998008,0.0,0.0,11190272,19447808,,,
11,2026-10-08T22:10:46.004019+00:00,11.00696119300028,1817,1791494082.08,descendente,0.9264106310001807,80.95762018515241,40.478810092576204,45969408,584929280,,,
11,2026-10-08T22:10:46.004019+00:00,11.00696119300028,1818,1791494082.08,descendente,0.9264075709997996,87.43451860240903,43.717259301204514,46108672,811433984,,,
12,2026-10-08T22:10:47.169920+00:00,12.172758003000126,1815,1791494081.99,principal,1.1659037740000713,0.0,0.0,24043520,32919552,,,
12,2026-10-08T22:10:47.169920+00:00,12.172758003000126,1816,1791494082.08,descendente,1.1659083240001564,0.0,0.0,11190272,19447808,,,
12,2026-10-08T22:10:47.169920+00:00,12.172758003000126,1817,1791494082.08,descendente,1.1659141390000514,74.6195599571476,37.3097799785738,45969408,584929280,,,
12,2026-10-08T22:10:47.169920+00:00,12.172758003000126,1818,1791494082.08,descendente,1.1659192950000943,96.06153743256422,48.03076871628211,46108672,811433984,,,
13,2026-10-08T22:10:48.002864+00:00,13.00588573099958,1815,1791494081.99,principal,0.832940575000066,0.0,0.0,24043520,32919552,,,
13,2026-10-08T22:10:48.002864+00:00,13.00588573099958,1816,1791494082.08,descendente,0.8329360239995367,0.0,0.0,11190272,19447808,,,
13,2026-10-08T22:10:48.002864+00:00,13.00588573099958,1817,1791494082.08,descendente,0.8329307670001072,90.0434981770704,45.0217490885352,45969408,660430848,,,
13,2026-10-08T22:10:48.002864+00:00,13.00588573099958,1818,1791494082.08,descendente,0.8329277699995146,63.6309676648667,31.81548383243335,46108672,811433984,,,
14,2026-10-08T22:10:49.002439+00:00,14.00524025300001,1815,1791494081.99,principal,0.9995824349998657,1.000417739433524,0.500208869716762,24043520,32919552,,,
14,2026-10-08T22:10:49.002439+00:00,14.00524025300001,1816,1791494082.08,descendente,0.9995887149998453,0.0,0.0,11190272,19447808,,,
14,2026-10-08T22:10:49.002439+00:00,14.00524025300001,1817,1791494082.08,descendente,0.9995946119997825,70.0283886684453,35.01419433422265,45969408,660430848,,,
14,2026-10-08T22:10:49.002439+00:00,14.00524025300001,1818,1791494082.08,descendente,0.999599376000333,64.0256502120565,32.01282510602825,46108672,811433984,,,
15,2026-10-08T22:10:49.998833+00:00,15.001295189999837,1815,1791494081.99,principal,0.9964057560000583,0.0,0.0,24043520,32919552,,,
15,2026-10-08T22:10:49.998833+00:00,15.001295189999837,1816,1791494082.08,descendente,0.9964068990002488,0.0,0.0,11190272,19447808,,,
15,2026-10-08T22:10:49.998833+00:00,15.001295189999837,1817,1791494082.08,descendente,0.9964068909994239,63.22718215728996,31.61359107864498,45969408,660430848,,,
15,2026-10-08T22:10:49.998833+00:00,15.001295189999837,1818,1791494082.08,descendente,0.996437746999618,77.2752740769455,38.63763703847275,46108672,811433984,,,
16,2026-10-08T22:10:51.001562+00:00,16.004391671999656,1815,1791494081.99,principal,1.0027146210004503,0.0,0.0,24043520,32919552,,,
16,2026-10-08T22:10:51.001562+00:00,16.004391671999656,1816,1791494082.08,descendente,1.0027132879995406,0.0,0.0,11190272,19447808,,,
16,2026-10-08T22:10:51.001562+00:00,16.004391671999656,1817,1791494082.08,descendente,1.0027145120002388,76.79154842029438,38.39577421014719,45969408,660430848,,,
16,2026-10-08T22:10:51.001562+00:00,16.004391671999656,1818,1791494082.08,descendente,1.002683634999812,64.82603059539305,32.413015297696525,46108672,811433984,,,
17,2026-10-08T22:10:52.000240+00:00,17.00276976100031,1815,1791494081.99,principal,0.9986777109998002,0.0,0.0,24043520,32919552,,,
17,2026-10-08T22:10:52.000240+00:00,17.00276976100031,1816,1791494082.08,descendente,0.998676945000625,0.0,0.0,11190272,19447808,,,
17,2026-10-08T22:10:52.000240+00:00,17.00276976100031,1817,1791494082.08,descendente,0.9986734900003285,73.09696385349912,36.54848192674956,45969408,660430848,,,
17,2026-10-08T22:10:52.000240+00:00,17.00276976100031,1818,1791494082.08,descendente,0.9986999410002682,87.11325236773703,43.55662618386852,46108672,811433984,,,
18,2026-10-08T22:10:52.999031+00:00,18.002002021999942,1815,1791494081.99,principal,0.9987885529999403,0.0,0.0,24043520,32919552,,,
18,2026-10-08T22:10:52.999031+00:00,18.002002021999942,1816,1791494082.08,descendente,0.9987870099994325,0.0,0.0,11190272,19447808,,,
18,2026-10-08T22:10:52.999031+00:00,18.002002021999942,1817,1791494082.08,descendente,0.9987930339993909,80.09667396224111,40.048336981120556,46239744,735932416,,,
18,2026-10-08T22:10:52.999031+00:00,18.002002021999942,1818,1791494082.08,descendente,0.998764336000022,67.08289191456052,33.54144595728026,46108672,811433984,,,
19,2026-10-08T22:10:53.999364+00:00,19.002220440999736,1815,1791494081.99,principal,1.0003335649998917,0.0,0.0,24043520,32919552,,,
19,2026-10-08T22:10:53.999364+00:00,19.002220440999736,1816,1791494082.08,descendente,1.000339479000104,0.0,0.0,11190272,19447808,,,
19,2026-10-08T22:10:53.999364+00:00,19.002220440999736,1817,1791494082.08,descendente,1.0003385960008018,67.97698326530343,33.988491632651716,46239744,735932416,,,
19,2026-10-08T22:10:53.999364+00:00,19.002220440999736,1818,1791494082.08,descendente,1.0003387699998711,75.97426219919228,37.98713109959614,46108672,811433984,,,
20,2026-10-08T22:10:54.999011+00:00,20.001939658000083,1815,1791494081.99,principal,0.9996788779999406,0.0,0.0,24043520,32919552,,,
20,2026-10-08T22:10:54.999011+00:00,20.001939658000083,1816,1791494082.08,descendente,0.9996728490004898,0.0,0.0,11190272,19447808,,,
20,2026-10-08T22:10:54.999011+00:00,20.001939658000083,1817,1791494082.08,descendente,0.9996692129998337,53.01753751219851,26.508768756099254,46239744,735932416,,,
20,2026-10-08T22:10:54.999011+00:00,20.001939658000083,1818,1791494082.08,descendente,0.9996657250003409,84.02808848925429,42.014044244627144,46108672,811433984,,,
21,2026-10-08T22:10:55.998551+00:00,21.001408995999554,1815,1791494081.99,principal,0.9995108969997091,0.0,0.0,24043520,32919552,,,
21,2026-10-08T22:10:55.998551+00:00,21.001408995999554,1816,1791494082.08,descendente,0.9995109370001956,0.0,0.0,11190272,19447808,,,
21,2026-10-08T22:10:55.998551+00:00,21.001408995999554,1817,1791494082.08,descendente,0.9995125249997727,78.03804159434121,39.019020797170604,46239744,735932416,,,
21,2026-10-08T22:10:55.998551+00:00,21.001408995999554,1818,1791494082.08,descendente,0.999517960999583,83.04002853235242,41.52001426617621,46108672,811433984,,,
22,2026-10-08T22:10:57.017625+00:00,22.020554324999466,1815,1791494081.99,principal,1.0190725960001146,0.0,0.0,24043520,32919552,,,
22,2026-10-08T22:10:57.017625+00:00,22.020554324999466,1816,1791494082.08,descendente,1.019070635999924,0.0,0.0,11190272,19447808,,,
22,2026-10-08T22:10:57.017625+00:00,22.020554324999466,1817,1791494082.08,descendente,1.0190729550004107,83.40914120321054,41.70457060160527,46239744,735932416,,,
22,2026-10-08T22:10:57.017625+00:00,22.020554324999466,1818,1791494082.08,descendente,1.0190795170001365,83.40860411973084,41.70430205986542,46108672,811433984,,,
23,2026-10-08T22:10:58.020798+00:00,23.022919228999854,1815,1791494081.99,principal,1.0031757220003783,0.0,0.0,24043520,32919552,,,
23,2026-10-08T22:10:58.020798+00:00,23.022919228999854,1816,1791494082.08,descendente,1.0031791069995961,0.0,0.0,11190272,19447808,,,
23,2026-10-08T22:10:58.020798+00:00,23.022919228999854,1817,1791494082.08,descendente,1.0031744719999551,71.77216128363158,35.88608064181579,46239744,735932416,,,
23,2026-10-08T22:10:58.020798+00:00,23.022919228999854,1818,1791494082.08,descendente,1.0031687999999122,77.75361434686177,38.87680717343088,46108672,811433984,,,
24,2026-10-08T22:10:59.005095+00:00,24.008141778999743,1815,1791494081.99,principal,0.984291808999842,0.0,0.0,24043520,32919552,,,
24,2026-10-08T22:10:59.005095+00:00,24.008141778999743,1816,1791494082.08,descendente,0.9842885329999262,0.0,0.0,11190272,19447808,,,
24,2026-10-08T22:10:59.005095+00:00,24.008141778999743,1817,1791494082.08,descendente,0.9842919239999901,85.34053561938263,42.67026780969132,46239744,735932416,,,
24,2026-10-08T22:10:59.005095+00:00,24.008141778999743,1818,1791494082.08,descendente,0.9842846420006026,90.42099835989875,45.21049917994937,46108672,811433984,,,
25,2026-10-08T22:11:00.043451+00:00,25.044686813000226,1815,1791494081.99,principal,1.0383619759995781,0.0,0.0,24043520,32919552,,,
25,2026-10-08T22:11:00.043451+00:00,25.044686813000226,1816,1791494082.08,descendente,1.0383654240004034,0.0,0.0,11190272,19447808,,,
25,2026-10-08T22:11:00.043451+00:00,25.044686813000226,1817,1791494082.08,descendente,1.0386344879998433,91.46624832663835,45.733124163319175,46239744,735932416,,,
25,2026-10-08T22:11:00.043451+00:00,25.044686813000226,1818,1791494082.08,descendente,1.0386450679998234,63.54432523047364,31.77216261523682,46108672,811433984,,,
26,2026-10-08T22:11:01.004239+00:00,26.007220243999654,1815,1791494081.99,principal,0.9607806560006793,0.0,0.0,24043520,32919552,,,
26,2026-10-08T22:11:01.004239+00:00,26.007220243999654,1816,1791494082.08,descendente,0.9607741299996633,0.0,0.0,11190272,19447808,,,
26,2026-10-08T22:11:01.004239+00:00,26.007220243999654,1817,1791494082.08,descendente,0.9604994100000113,87.4545045269754,43.7272522634877,46239744,735932416,,,
26,2026-10-08T22:11:01.004239+00:00,26.007220243999654,1818,1791494082.08,descendente,0.9604890749997139,68.7149929321217,34.35749646606085,46112768,811433984,,,
27,2026-10-08T22:11:02.003102+00:00,27.00584641200021,1815,1791494081.99,principal,0.998864233999484,0.0,0.0,24043520,32919552,,,
27,2026-10-08T22:11:02.003102+00:00,27.00584641200021,1816,1791494082.08,descendente,0.998865671999738,0.0,0.0,11190272,19447808,,,
27,2026-10-08T22:11:02.003102+00:00,27.00584641200021,1817,1791494082.08,descendente,0.9988669959993786,90.10208602392717,45.051043011963586,46239744,735932416,,,
27,2026-10-08T22:11:02.003102+00:00,27.00584641200021,1818,1791494082.08,descendente,0.9988686470005632,74.08381494626146,37.04190747313073,46112768,811433984,,,
28,2026-10-08T22:11:03.003007+00:00,28.00601629999983,1815,1791494081.99,principal,0.9999066810005388,1.0000933277086883,0.5000466638543442,24043520,32919552,,,
28,2026-10-08T22:11:03.003007+00:00,28.00601629999983,1816,1791494082.08,descendente,0.9999106310006027,0.0,0.0,11190272,19447808,,,
28,2026-10-08T22:11:03.003007+00:00,28.00601629999983,1817,1791494082.08,descendente,0.9999149930008571,85.00722620920779,42.50361310460389,46239744,735932416,,,
28,2026-10-08T22:11:03.003007+00:00,28.00601629999983,1818,1791494082.08,descendente,0.9999152209993554,48.00406973704963,24.002034868524817,46112768,811433984,,,
29,2026-10-08T22:11:04.054361+00:00,29.05729687300027,1815,1791494081.99,principal,1.0513561759998993,0.0,0.0,24043520,32919552,,,
29,2026-10-08T22:11:04.054361+00:00,29.05729687300027,1816,1791494082.08,descendente,1.0513599119994979,0.0,0.0,11190272,19447808,,,
29,2026-10-08T22:11:04.054361+00:00,29.05729687300027,1817,1791494082.08,descendente,1.0513641229999848,91.30994476592485,45.65497238296243,46239744,735932416,,,
29,2026-10-08T22:11:04.054361+00:00,29.05729687300027,1818,1791494082.08,descendente,1.051375941000515,71.33509249663781,35.66754624831891,46112768,811433984,,,
30,2026-10-08T22:11:05.003379+00:00,30.006331783999485,1815,1791494081.99,principal,0.9490145589998065,0.0,0.0,24043520,32919552,,,
30,2026-10-08T22:11:05.003379+00:00,30.006331783999485,1816,1791494082.08,descendente,0.9490090580002288,0.0,0.0,11190272,19447808,,,
30,2026-10-08T22:11:05.003379+00:00,30.006331783999485,1817,1791494082.08,descendente,0.9490046149994669,72.70776022520486,36.35388011260243,46239744,735932416,,,
30,2026-10-08T22:11:05.003379+00:00,30.006331783999485,1818,1791494082.08,descendente,0.9489942049995079,89.56851322399274,44.78425661199637,46112768,811433984,,,
31,2026-10-08T22:11:06.000857+00:00,31.00388237900006,1815,1791494081.99,principal,0.9974763070003974,1.002530078140072,0.501265039070036,24043520,32919552,,,
31,2026-10-08T22:11:06.000857+00:00,31.00388237900006,1816,1791494082.08,descendente,0.9974709799998891,0.0,0.0,11190272,19447808,,,
31,2026-10-08T22:11:06.000857+00:00,31.00388237900006,1817,1791494082.08,descendente,0.9974665770005231,80.20318860264415,40.10159430132207,46239744,735932416,,,
31,2026-10-08T22:11:06.000857+00:00,31.00388237900006,1818,1791494082.08,descendente,0.9974634560003324,62.15766565384807,31.078832826924035,46112768,811433984,,,
32,2026-10-08T22:11:07.109966+00:00,32.11268300499978,1815,1791494081.99,principal,1.1091101169995454,0.0,0.0,24043520,32919552,,,
32,2026-10-08T22:11:07.109966+00:00,32.11268300499978,1816,1791494082.08,descendente,1.109110475000307,0.0,0.0,11190272,19447808,,,
32,2026-10-08T22:11:07.109966+00:00,32.11268300499978,1817,1791494082.08,descendente,1.1091087949998837,81.14623236758948,40.57311618379474,46239744,735932416,,,
32,2026-10-08T22:11:07.109966+00:00,32.11268300499978,1818,1791494082.08,descendente,1.1091112639996936,91.06390249412073,45.53195124706036,46112768,811433984,,,
33,2026-10-08T22:11:08.139018+00:00,33.14103074000013,1815,1791494081.99,principal,1.0290507520003302,0.0,0.0,24043520,32919552,,,
33,2026-10-08T22:11:08.139018+00:00,33.14103074000013,1816,1791494082.08,descendente,1.029049103000034,0.0,0.0,11190272,19447808,,,
33,2026-10-08T22:11:08.139018+00:00,33.14103074000013,1817,1791494082.08,descendente,1.029047035000076,82.60069472916234,41.30034736458117,46239744,735932416,,,
33,2026-10-08T22:11:08.139018+00:00,33.14103074000013,1818,1791494082.08,descendente,1.0290461310005412,58.30642397116278,29.15321198558139,46112768,811433984,,,
34,2026-10-08T22:11:09.038002+00:00,34.0406381949997,1815,1791494081.99,principal,0.8989898149993678,0.0,0.0,24043520,32919552,,,
34,2026-10-08T22:11:09.038002+00:00,34.0406381949997,1816,1791494082.08,descendente,0.8989973239995379,0.0,0.0,11190272,19447808,,,
34,2026-10-08T22:11:09.038002+00:00,34.0406381949997,1817,1791494082.08,descendente,0.8990036519999194,21.134508138802488,10.567254069401244,46239744,735932416,,,
34,2026-10-08T22:11:09.038002+00:00,34.0406381949997,1818,1791494082.08,descendente,0.8990046889994119,0.0,0.0,46112768,811433984,,,
35,2026-10-08T22:11:10.069283+00:00,35.07229108299998,1815,1791494081.99,principal,1.031278100000236,0.0,0.0,24043520,32919552,,,
35,2026-10-08T22:11:10.069283+00:00,35.07229108299998,1816,1791494082.08,descendente,1.0313150749998385,0.0,0.0,11190272,19447808,,,
35,2026-10-08T22:11:10.069283+00:00,35.07229108299998,1817,1791494082.08,descendente,1.0313153999995848,5.817812863064935,2.9089064315324675,46239744,735932416,,,
35,2026-10-08T22:11:10.069283+00:00,35.07229108299998,1818,1791494082.08,descendente,1.0313149700004942,6.787451170218424,3.393725585109212,46112768,811433984,,,
36,2026-10-08T22:11:10.998166+00:00,36.001066128000275,1815,1791494081.99,principal,0.9288832359998196,0.0,0.0,24043520,32919552,,,
36,2026-10-08T22:11:10.998166+00:00,36.001066128000275,1816,1791494082.08,descendente,0.9288480900004288,0.0,0.0,11190272,19447808,,,
36,2026-10-08T22:11:10.998166+00:00,36.001066128000275,1817,1791494082.08,descendente,0.9288480249997519,65.67274554955212,32.83637277477606,46239744,735932416,,,
36,2026-10-08T22:11:10.998166+00:00,36.001066128000275,1818,1791494082.08,descendente,0.928849191000154,87.20468380102459,43.60234190051229,46112768,811433984,,,
37,2026-10-08T22:11:12.005315+00:00,37.008293510999465,1815,1791494081.99,principal,1.0071481200002381,0.0,0.0,24043520,32919552,,,
37,2026-10-08T22:11:12.005315+00:00,37.008293510999465,1816,1791494082.08,descendente,1.0072306390002268,0.0,0.0,11190272,19447808,,,
37,2026-10-08T22:11:12.005315+00:00,37.008293510999465,1817,1791494082.08,descendente,1.007231185000819,77.44001691123421,38.720008455617105,46239744,735932416,,,
37,2026-10-08T22:11:12.005315+00:00,37.008293510999465,1818,1791494082.08,descendente,1.0072358209999948,83.39655743835212,41.69827871917606,46112768,811433984,,,
38,2026-10-08T22:11:12.997986+00:00,38.000818603999505,1815,1791494081.99,principal,0.9926735930002906,0.0,0.0,24043520,32919552,,,
38,2026-10-08T22:11:12.997986+00:00,38.000818603999505,1816,1791494082.08,descendente,0.9925904479996461,0.0,0.0,11190272,19447808,,,
38,2026-10-08T22:11:12.997986+00:00,38.000818603999505,1817,1791494082.08,descendente,0.992588710999371,61.455464205910545,30.727732102955272,46239744,735932416,,,
38,2026-10-08T22:11:12.997986+00:00,38.000818603999505,1818,1791494082.08,descendente,0.9925837129994761,63.47071705379956,31.73535852689978,46112768,811433984,,,
39,2026-10-08T22:11:13.998209+00:00,39.00079627299965,1815,1791494081.99,principal,1.000223781999921,0.0,0.0,24043520,32919552,,,
39,2026-10-08T22:11:13.998209+00:00,39.00079627299965,1816,1791494082.08,descendente,1.0002253270004076,0.0,0.0,11190272,19447808,,,
39,2026-10-08T22:11:13.998209+00:00,39.00079627299965,1817,1791494082.08,descendente,1.00022908200026,89.9793873419519,44.98969367097595,46239744,735932416,,,
39,2026-10-08T22:11:13.998209+00:00,39.00079627299965,1818,1791494082.08,descendente,1.0002297170003658,64.98507182424107,32.49253591212054,46112768,811433984,,,
40,2026-10-08T22:11:15.027878+00:00,40.03078063300018,1815,1791494081.99,principal,1.0296660359999805,0.0,0.0,24043520,32919552,,,
40,2026-10-08T22:11:15.027878+00:00,40.03078063300018,1816,1791494082.08,descendente,1.0296631470000648,0.0,0.0,11190272,19447808,,,
40,2026-10-08T22:11:15.027878+00:00,40.03078063300018,1817,1791494082.08,descendente,1.0296580659996835,78.66689212147716,39.33344606073858,46239744,735932416,,,
40,2026-10-08T22:11:15.027878+00:00,40.03078063300018,1818,1791494082.08,descendente,1.029655960999662,79.63825113038952,39.81912556519476,46112768,811433984,,,
41,2026-10-08T22:11:16.296491+00:00,41.29871434300003,1815,1791494081.99,principal,1.2686541550001493,0.0,0.0,24043520,32919552,,,
41,2026-10-08T22:11:16.296491+00:00,41.29871434300003,1816,1791494082.08,descendente,1.2686633109997274,0.0,0.0,11190272,19447808,,,
41,2026-10-08T22:11:16.296491+00:00,41.29871434300003,1817,1791494082.08,descendente,1.2686692300003415,97.74021239560412,48.87010619780206,46239744,735932416,,,
41,2026-10-08T22:11:16.296491+00:00,41.29871434300003,1818,1791494082.08,descendente,1.2686714370001937,98.5282685133805,49.26413425669025,46112768,811433984,,,
42,2026-10-08T22:11:17.018808+00:00,42.021829837999576,1815,1791494081.99,principal,0.7222742799995103,0.0,0.0,24043520,32919552,,,
42,2026-10-08T22:11:17.018808+00:00,42.021829837999576,1816,1791494082.08,descendente,0.7222614269994665,0.0,0.0,11190272,19447808,,,
42,2026-10-08T22:11:17.018808+00:00,42.021829837999576,1817,1791494082.08,descendente,0.7222528000002058,83.07340587670298,41.53670293835149,46239744,735932416,,,
42,2026-10-08T22:11:17.018808+00:00,42.021829837999576,1818,1791494082.08,descendente,0.7222489750001841,87.22753812142429,43.613769060712144,46112768,811433984,,,
43,2026-10-08T22:11:17.999053+00:00,43.00178698200034,1815,1791494081.99,principal,0.9802476940003544,0.0,0.0,24043520,32919552,,,
43,2026-10-08T22:11:17.999053+00:00,43.00178698200034,1816,1791494082.08,descendente,0.98025269900063,0.0,0.0,11190272,19447808,,,
43,2026-10-08T22:11:17.999053+00:00,43.00178698200034,1817,1791494082.08,descendente,0.9802611389995946,84.67131532389254,42.33565766194627,46239744,735932416,,,
43,2026-10-08T22:11:17.999053+00:00,43.00178698200034,1818,1791494082.08,descendente,0.9802667260000817,79.57018016746473,39.785090083732364,46112768,811433984,,,
44,2026-10-08T22:11:19.003660+00:00,44.00657432600019,1815,1791494081.99,principal,1.0046052249999775,0.0,0.0,24043520,32919552,,,
44,2026-10-08T22:11:19.003660+00:00,44.00657432600019,1816,1791494082.08,descendente,1.0046022360002098,0.0,0.0,11190272,19447808,,,
44,2026-10-08T22:11:19.003660+00:00,44.00657432600019,1817,1791494082.08,descendente,1.0045959210001456,91.57910964680688,45.78955482340344,46239744,735932416,,,
44,2026-10-08T22:11:19.003660+00:00,44.00657432600019,1818,1791494082.08,descendente,1.0045906569994258,64.70297085397465,32.351485426987324,46112768,811433984,,,
45,2026-10-08T22:11:20.003301+00:00,45.0062737799999,1815,1791494081.99,principal,0.9996393339997667,0.0,0.0,24043520,32919552,,,
45,2026-10-08T22:11:20.003301+00:00,45.0062737799999,1816,1791494082.08,descendente,0.9996388759991532,0.0,0.0,11190272,19447808,,,
45,2026-10-08T22:11:20.003301+00:00,45.0062737799999,1817,1791494082.08,descendente,0.9996370190001471,99.03594816748812,49.51797408374406,46239744,735932416,,,
45,2026-10-08T22:11:20.003301+00:00,45.0062737799999,1818,1791494082.08,descendente,0.9996360020004431,98.03568479315172,49.01784239657586,46112768,811433984,,,
46,2026-10-08T22:11:21.304696+00:00,46.307577427999604,1815,1791494081.99,principal,1.3013963240000521,0.0,0.0,24043520,32919552,,,
46,2026-10-08T22:11:21.304696+00:00,46.307577427999604,1816,1791494082.08,descendente,1.3014365510007337,0.0,0.0,11190272,19447808,,,
46,2026-10-08T22:11:21.304696+00:00,46.307577427999604,1817,1791494082.08,descendente,1.3014418510001633,99.88921126217812,49.94460563108906,46239744,735932416,,,
46,2026-10-08T22:11:21.304696+00:00,46.307577427999604,1818,1791494082.08,descendente,1.3014441259992964,97.58390503509548,48.79195251754774,46112768,811433984,,,
47,2026-10-08T22:11:22.166925+00:00,47.16895543099963,1815,1791494081.99,principal,0.8622327550001501,0.0,0.0,24043520,32919552,,,
47,2026-10-08T22:11:22.166925+00:00,47.16895543099963,1816,1791494082.08,descendente,0.8622857310001564,0.0,0.0,11190272,19447808,,,
47,2026-10-08T22:11:22.166925+00:00,47.16895543099963,1817,1791494082.08,descendente,0.8622968800000308,93.93516534582805,46.96758267291403,46239744,735932416,,,
47,2026-10-08T22:11:22.166925+00:00,47.16895543099963,1818,1791494082.08,descendente,0.8623031390006872,70.74078388569191,35.370391942845956,46137344,811433984,,,
48,2026-10-08T22:11:22.999698+00:00,48.00245893800002,1815,1791494081.99,principal,0.8327715590003208,0.0,0.0,24043520,32919552,,,
48,2026-10-08T22:11:22.999698+00:00,48.00245893800002,1816,1791494082.08,descendente,0.8326800849999927,0.0,0.0,11190272,19447808,,,
48,2026-10-08T22:11:22.999698+00:00,48.00245893800002,1817,1791494082.08,descendente,0.8326674139998431,84.06717835125674,42.03358917562837,46239744,735932416,,,
48,2026-10-08T22:11:22.999698+00:00,48.00245893800002,1818,1791494082.08,descendente,0.8326621639998848,93.67544650438575,46.83772325219287,46137344,811433984,,,
49,2026-10-08T22:11:24.003691+00:00,49.006616159999794,1815,1791494081.99,principal,1.0039942119992702,0.0,0.0,24043520,32919552,,,
49,2026-10-08T22:11:24.003691+00:00,49.006616159999794,1816,1791494082.08,descendente,1.0039927230000103,0.0,0.0,11190272,19447808,,,
49,2026-10-08T22:11:24.003691+00:00,49.006616159999794,1817,1791494082.08,descendente,1.0039917799995237,81.67397545828902,40.83698772914451,46239744,735932416,,,
49,2026-10-08T22:11:24.003691+00:00,49.006616159999794,1818,1791494082.08,descendente,1.0039951520002433,81.67370114947903,40.836850574739515,46137344,811433984,,,
50,2026-10-08T22:11:25.025333+00:00,50.028308291999565,1815,1791494081.99,principal,1.021638855000674,0.0,0.0,24043520,32919552,,,
50,2026-10-08T22:11:25.025333+00:00,50.028308291999565,1816,1791494082.08,descendente,1.0216386809997857,0.0,0.0,11190272,19447808,,,
50,2026-10-08T22:11:25.025333+00:00,50.028308291999565,1817,1791494082.08,descendente,1.021640622000632,83.19951083537642,41.59975541768821,46239744,735932416,,,
50,2026-10-08T22:11:25.025333+00:00,50.028308291999565,1818,1791494082.08,descendente,1.0216358079997008,85.15754764933409,42.578773824667046,46137344,811433984,,,
51,2026-10-08T22:11:26.004252+00:00,51.00726963800025,1815,1791494081.99,principal,0.9789188419999846,1.0215351437683726,0.5107675718841863,24043520,32919552,,,
51,2026-10-08T22:11:26.004252+00:00,51.00726963800025,1816,1791494082.08,descendente,0.9789602789996934,0.0,0.0,11190272,19447808,,,
51,2026-10-08T22:11:26.004252+00:00,51.00726963800025,1817,1791494082.08,descendente,0.9789582349994816,78.65504088643675,39.327520443218376,46239744,735932416,,,
51,2026-10-08T22:11:26.004252+00:00,51.00726963800025,1818,1791494082.08,descendente,0.9789563449994603,85.80566480729995,42.902832403649974,46137344,811433984,,,
52,2026-10-08T22:11:26.997589+00:00,52.00047723199987,1815,1791494081.99,principal,0.993428030999894,0.0,0.0,24043520,32919552,,,
52,2026-10-08T22:11:26.997589+00:00,52.00047723199987,1816,1791494082.08,descendente,0.9933967699998902,0.0,0.0,11190272,19447808,,,
52,2026-10-08T22:11:26.997589+00:00,52.00047723199987,1817,1791494082.08,descendente,0.9933980820005672,79.5250176453947,39.76250882269735,46239744,811433984,,,
52,2026-10-08T22:11:26.997589+00:00,52.00047723199987,1818,1791494082.08,descendente,0.9934029110008851,83.55119466720603,41.77559733360302,46137344,811433984,,,
53,2026-10-08T22:11:28.011560+00:00,53.01454503700006,1815,1791494081.99,principal,1.0138775969999188,0.0,0.0,24043520,32919552,,,
53,2026-10-08T22:11:28.011560+00:00,53.01454503700006,1816,1791494082.08,descendente,1.013863052000488,0.0,0.0,11190272,19447808,,,
53,2026-10-08T22:11:28.011560+00:00,53.01454503700006,1817,1791494082.08,descendente,1.0138928869992014,84.82158332773578,42.41079166386789,46239744,811433984,,,
53,2026-10-08T22:11:28.011560+00:00,53.01454503700006,1818,1791494082.08,descendente,1.0138905489993704,55.23278627585798,27.61639313792899,46137344,811433984,,,
54,2026-10-08T22:11:28.997870+00:00,54.00078930499967,1815,1791494081.99,principal,0.9863114539994058,0.0,0.0,24043520,32919552,,,
54,2026-10-08T22:11:28.997870+00:00,54.00078930499967,1816,1791494082.08,descendente,0.9863584349996017,0.0,0.0,11190272,19447808,,,
54,2026-10-08T22:11:28.997870+00:00,54.00078930499967,1817,1791494082.08,descendente,0.9863259730000209,89.21999664304597,44.60999832152299,46239744,811433984,,,
54,2026-10-08T22:11:28.997870+00:00,54.00078930499967,1818,1791494082.08,descendente,0.9863251770002535,83.13688214813149,41.568441074065746,46137344,811433984,,,
55,2026-10-08T22:11:30.067069+00:00,55.06844077200003,1815,1791494081.99,principal,1.0692040030007774,0.0,0.0,24043520,32919552,,,
55,2026-10-08T22:11:30.067069+00:00,55.06844077200003,1816,1791494082.08,descendente,1.069165793999673,0.0,0.0,11190272,19447808,,,
55,2026-10-08T22:11:30.067069+00:00,55.06844077200003,1817,1791494082.08,descendente,1.0691658490004556,61.73036677302001,30.865183386510004,46239744,811433984,,,
55,2026-10-08T22:11:30.067069+00:00,55.06844077200003,1818,1791494082.08,descendente,1.0691673979999905,83.2423436839583,41.62117184197915,46137344,811433984,,,
56,2026-10-08T22:11:31.004608+00:00,56.00749832299971,1815,1791494081.99,principal,0.9375367349994121,0.0,0.0,24043520,32919552,,,
56,2026-10-08T22:11:31.004608+00:00,56.00749832299971,1816,1791494082.08,descendente,0.9375340210008289,0.0,0.0,11190272,19447808,,,
56,2026-10-08T22:11:31.004608+00:00,56.00749832299971,1817,1791494082.08,descendente,0.9375372829999833,63.99745491508453,31.998727457542266,46239744,811433984,,,
56,2026-10-08T22:11:31.004608+00:00,56.00749832299971,1818,1791494082.08,descendente,0.9375376059997507,86.39653437007419,43.198267185037096,46137344,811433984,,,
57,2026-10-08T22:11:32.038260+00:00,57.041102563000095,1815,1791494081.99,principal,1.033645204000095,0.0,0.0,24043520,32919552,,,
57,2026-10-08T22:11:32.038260+00:00,57.041102563000095,1816,1791494082.08,descendente,1.0336404429999675,0.0,0.0,11190272,19447808,,,
57,2026-10-08T22:11:32.038260+00:00,57.041102563000095,1817,1791494082.08,descendente,1.0336339489995225,86.10398302624938,43.05199151312469,46239744,811433984,,,
57,2026-10-08T22:11:32.038260+00:00,57.041102563000095,1818,1791494082.08,descendente,1.0336289300003045,67.72256268019117,33.86128134009559,46137344,811433984,,,
58,2026-10-08T22:11:33.060283+00:00,58.05567556799997,1815,1791494081.99,principal,1.0220283480002763,0.0,0.0,24043520,32919552,,,
58,2026-10-08T22:11:33.060283+00:00,58.05567556799997,1816,1791494082.08,descendente,1.0220306510000228,0.0,0.0,11190272,19447808,,,
58,2026-10-08T22:11:33.060283+00:00,58.05567556799997,1817,1791494082.08,descendente,1.022032830000171,75.34004558344171,37.670022791720854,46239744,811433984,,,
58,2026-10-08T22:11:33.060283+00:00,58.05567556799997,1818,1791494082.08,descendente,1.0220333850002135,87.08130410043312,43.54065205021656,46137344,811433984,,,
59,2026-10-08T22:11:33.999945+00:00,59.00295091599946,1815,1791494081.99,principal,0.93966311999975,0.0,0.0,24043520,32919552,,,
59,2026-10-08T22:11:33.999945+00:00,59.00295091599946,1816,1791494082.08,descendente,0.9396687290000045,0.0,0.0,11190272,19447808,,,
59,2026-10-08T22:11:33.999945+00:00,59.00295091599946,1817,1791494082.08,descendente,0.9396676350006601,72.3660126912412,36.1830063456206,46239744,811433984,,,
59,2026-10-08T22:11:33.999945+00:00,59.00295091599946,1818,1791494082.08,descendente,0.9396714509994126,85.13613978047401,42.568069890237005,46137344,811433984,,,
60,2026-10-08T22:11:35.289657+00:00,60.288568637000026,1815,1791494081.99,principal,1.2897148640004161,0.0,0.0,24043520,32919552,,,
60,2026-10-08T22:11:35.289657+00:00,60.288568637000026,1816,1791494082.08,descendente,1.28971382599957,0.0,0.0,11190272,19447808,,,
60,2026-10-08T22:11:35.289657+00:00,60.288568637000026,1817,1791494082.08,descendente,1.2897201449995919,58.15215051946306,29.07607525973153,46239744,811433984,,,
60,2026-10-08T22:11:35.289657+00:00,60.288568637000026,1818,1791494082.08,descendente,1.2897208519998458,77.53615818875817,38.76807909437908,46137344,811433984,,,
61,2026-10-08T22:11:36.384346+00:00,61.3864944879997,1815,1791494081.99,principal,1.094684708999921,0.0,0.0,24043520,32919552,,,
61,2026-10-08T22:11:36.384346+00:00,61.3864944879997,1816,1791494082.08,descendente,1.0946825490000265,0.0,0.0,11190272,19447808,,,
61,2026-10-08T22:11:36.384346+00:00,61.3864944879997,1817,1791494082.08,descendente,1.0946772930001316,98.65921280235335,49.329606401176676,46239744,811433984,,,
61,2026-10-08T22:11:36.384346+00:00,61.3864944879997,1818,1791494082.08,descendente,1.0946765660000892,96.83225465154052,48.41612732577026,46137344,811433984,,,
62,2026-10-08T22:11:36.997552+00:00,62.000465010999505,1815,1791494081.99,principal,0.61320720599997,0.0,0.0,24043520,32919552,,,
62,2026-10-08T22:11:36.997552+00:00,62.000465010999505,1816,1791494082.08,descendente,0.6132667589999983,0.0,0.0,11190272,19447808,,,
62,2026-10-08T22:11:36.997552+00:00,62.000465010999505,1817,1791494082.08,descendente,0.6132929300001706,78.26602533961784,39.13301266980892,46239744,811433984,,,
62,2026-10-08T22:11:36.997552+00:00,62.000465010999505,1818,1791494082.08,descendente,0.6132968110005095,75.00446631209603,37.502233156048014,46137344,811433984,,,
63,2026-10-08T22:11:37.999449+00:00,63.00230787300006,1815,1791494081.99,principal,1.0018987409994224,0.9981048573855823,0.49905242869279115,24043520,32919552,,,
63,2026-10-08T22:11:37.999449+00:00,63.00230787300006,1816,1791494082.08,descendente,1.0018395870001768,0.0,0.0,11190272,19447808,,,
63,2026-10-08T22:11:37.999449+00:00,63.00230787300006,1817,1791494082.08,descendente,1.0018170289995396,78.85671506190907,39.428357530954536,46239744,811433984,,,
63,2026-10-08T22:11:37.999449+00:00,63.00230787300006,1818,1791494082.08,descendente,1.0018149010002162,70.87137546977684,35.43568773488842,46137344,811433984,,,
64,2026-10-08T22:11:39.001816+00:00,64.0045922749996,1815,1791494081.99,principal,1.0023612310005774,0.0,0.0,24043520,32919552,,,
64,2026-10-08T22:11:39.001816+00:00,64.0045922749996,1816,1791494082.08,descendente,1.002357337999456,0.0,0.0,11190272,19447808,,,
64,2026-10-08T22:11:39.001816+00:00,64.0045922749996,1817,1791494082.08,descendente,1.002354531000492,69.83556998553657,34.91778499276828,46239744,811433984,,,
64,2026-10-08T22:11:39.001816+00:00,64.0045922749996,1818,1791494082.08,descendente,1.0023509409993494,84.80063870169607,42.40031935084804,46137344,811433984,,,
65,2026-10-08T22:11:40.019387+00:00,65.02223910199973,1815,1791494081.99,principal,1.0175737680001475,0.0,0.0,24043520,32919552,,,
65,2026-10-08T22:11:40.019387+00:00,65.02223910199973,1816,1791494082.08,descendente,1.0175774650006133,0.0,0.0,11190272,19447808,,,
65,2026-10-08T22:11:40.019387+00:00,65.02223910199973,1817,1791494082.08,descendente,1.0176117470000463,55.030811274618664,27.515405637309332,46239744,811433984,,,
65,2026-10-08T22:11:40.019387+00:00,65.02223910199973,1818,1791494082.08,descendente,1.0176216330000898,75.66663040858467,37.83331520429233,46137344,811433984,,,
66,2026-10-08T22:11:41.006805+00:00,66.00925021300009,1815,1791494081.99,principal,0.9874203189992841,0.0,0.0,24043520,32919552,,,
66,2026-10-08T22:11:41.006805+00:00,66.00925021300009,1816,1791494082.08,descendente,0.9874245289993269,0.0,0.0,11190272,19447808,,,
66,2026-10-08T22:11:41.006805+00:00,66.00925021300009,1817,1791494082.08,descendente,0.9873933409999154,58.74052172690221,29.370260863451104,46239744,811433984,,,
66,2026-10-08T22:11:41.006805+00:00,66.00925021300009,1818,1791494082.08,descendente,0.9874278090001098,84.05677786617296,42.02838893308648,46137344,811433984,,,
67,2026-10-08T22:11:41.998788+00:00,67.00163739799973,1815,1791494081.99,principal,0.9919819770002505,0.0,0.0,24043520,32919552,,,
67,2026-10-08T22:11:41.998788+00:00,67.00163739799973,1816,1791494082.08,descendente,0.9920103890008249,0.0,0.0,11190272,19447808,,,
67,2026-10-08T22:11:41.998788+00:00,67.00163739799973,1817,1791494082.08,descendente,0.9920114609994926,79.63617670345458,39.81808835172729,46239744,811433984,,,
67,2026-10-08T22:11:41.998788+00:00,67.00163739799973,1818,1791494082.08,descendente,0.9919681379997201,76.61536403099727,38.307682015498635,46137344,811433984,,,
68,2026-10-08T22:11:43.175824+00:00,68.17831191599998,1815,1791494081.99,principal,1.177033525999832,0.0,0.0,24043520,32919552,,,
68,2026-10-08T22:11:43.175824+00:00,68.17831191599998,1816,1791494082.08,descendente,1.1769961689997217,0.0,0.0,11190272,19447808,,,
68,2026-10-08T22:11:43.175824+00:00,68.17831191599998,1817,1791494082.08,descendente,1.176989610000419,57.774511705307916,28.887255852653958,46239744,811433984,,,
68,2026-10-08T22:11:43.175824+00:00,68.17831191599998,1818,1791494082.08,descendente,1.1769886580004822,84.9625859350966,42.4812929675483,46137344,811433984,,,
69,2026-10-08T22:11:44.003212+00:00,69.0056934839995,1815,1791494081.99,principal,0.8273868570004197,0.0,0.0,24043520,32919552,,,
69,2026-10-08T22:11:44.003212+00:00,69.0056934839995,1816,1791494082.08,descendente,0.8273940139997649,0.0,0.0,11190272,19447808,,,
69,2026-10-08T22:11:44.003212+00:00,69.0056934839995,1817,1791494082.08,descendente,0.8274018550000619,84.60217919139099,42.301089595695494,46239744,811433984,,,
69,2026-10-08T22:11:44.003212+00:00,69.0056934839995,1818,1791494082.08,descendente,0.8274066899994068,85.81028031094907,42.905140155474534,46137344,811433984,,,
70,2026-10-08T22:11:45.005744+00:00,70.00839858400013,1815,1791494081.99,principal,1.0025329549998787,0.0,0.0,24043520,32919552,,,
70,2026-10-08T22:11:45.005744+00:00,70.00839858400013,1816,1791494082.08,descendente,1.00253389000045,0.0,0.0,11190272,19447808,,,
70,2026-10-08T22:11:45.005744+00:00,70.00839858400013,1817,1791494082.08,descendente,1.0025322649998998,82.79035288705884,41.39517644352942,46239744,811433984,,,
70,2026-10-08T22:11:45.005744+00:00,70.00839858400013,1818,1791494082.08,descendente,1.0025313000005553,54.861130021552796,27.430565010776398,46137344,811433984,,,
71,2026-10-08T22:11:45.997618+00:00,71.00062449500001,1815,1791494081.99,principal,0.9918753290003224,0.0,0.0,24043520,32919552,,,
71,2026-10-08T22:11:45.997618+00:00,71.00062449500001,1816,1791494082.08,descendente,0.991867717999412,0.0,0.0,11190272,19447808,,,
71,2026-10-08T22:11:45.997618+00:00,71.00062449500001,1817,1791494082.08,descendente,0.991865735999454,74.60687199304729,37.303435996523646,46239744,811433984,,,
71,2026-10-08T22:11:45.997618+00:00,71.00062449500001,1818,1791494082.08,descendente,0.9918633489996864,60.49220395178638,30.24610197589319,46137344,811569152,,,
72,2026-10-08T22:11:46.999885+00:00,72.00289318599971,1815,1791494081.99,principal,1.0022668729998259,0.0,0.0,24043520,32919552,,,
72,2026-10-08T22:11:46.999885+00:00,72.00289318599971,1816,1791494082.08,descendente,1.0022713160005878,0.0,0.0,11190272,19447808,,,
72,2026-10-08T22:11:46.999885+00:00,72.00289318599971,1817,1791494082.08,descendente,1.0022720120005033,55.87305574683295,27.936527873416473,46239744,811433984,,,
72,2026-10-08T22:11:46.999885+00:00,72.00289318599971,1818,1791494082.08,descendente,1.0022728980002285,85.80497404608238,42.90248702304119,46137344,811569152,,,
73,2026-10-08T22:11:47.998407+00:00,73.00125847599975,1815,1791494081.99,principal,0.9985202299994853,0.0,0.0,24043520,32919552,,,
73,2026-10-08T22:11:47.998407+00:00,73.00125847599975,1816,1791494082.08,descendente,0.9985209379992739,0.0,0.0,11190272,19447808,,,
73,2026-10-08T22:11:47.998407+00:00,73.00125847599975,1817,1791494082.08,descendente,0.998520611999993,75.1111184873573,37.55555924367865,46239744,811433984,,,
73,2026-10-08T22:11:47.998407+00:00,73.00125847599975,1818,1791494082.08,descendente,0.9988793470001838,81.0908747320207,40.54543736601035,46161920,811569152,,,
74,2026-10-08T22:11:49.009826+00:00,74.00782575700032,1815,1791494081.99,principal,1.0114283030006845,0.0,0.0,24043520,32919552,,,
74,2026-10-08T22:11:49.009826+00:00,74.00782575700032,1816,1791494082.08,descendente,1.0114307160001772,0.0,0.0,11190272,19447808,,,
74,2026-10-08T22:11:49.009826+00:00,74.00782575700032,1817,1791494082.08,descendente,1.0114334339996276,82.06175237038353,41.030876185191765,46239744,811433984,,,
74,2026-10-08T22:11:49.009826+00:00,74.00782575700032,1818,1791494082.08,descendente,1.0110754199995426,78.1346261983537,39.06731309917685,46161920,811569152,,,
75,2026-10-08T22:11:50.107210+00:00,75.1042828489999,1815,1791494081.99,principal,1.097380905999671,0.0,0.0,24043520,32919552,,,
75,2026-10-08T22:11:50.107210+00:00,75.1042828489999,1816,1791494082.08,descendente,1.0973782179999034,0.0,0.0,11190272,19447808,,,
75,2026-10-08T22:11:50.107210+00:00,75.1042828489999,1817,1791494082.08,descendente,1.09737639100058,67.43356300250657,33.71678150125329,46239744,811433984,,,
75,2026-10-08T22:11:50.107210+00:00,75.1042828489999,1818,1791494082.08,descendente,1.0973770870004955,80.19121325061876,40.09560662530938,46161920,811569152,,,
76,2026-10-08T22:11:51.003088+00:00,76.00078484400001,1815,1791494081.99,principal,0.8958805889997166,0.0,0.0,24043520,32919552,,,
76,2026-10-08T22:11:51.003088+00:00,76.00078484400001,1816,1791494082.08,descendente,0.8958853960002671,0.0,0.0,11190272,19447808,,,
76,2026-10-08T22:11:51.003088+00:00,76.00078484400001,1817,1791494082.08,descendente,0.895885234999696,80.36743679564692,40.18371839782346,46239744,811433984,,,
76,2026-10-08T22:11:51.003088+00:00,76.00078484400001,1818,1791494082.08,descendente,0.8958848089996536,74.78640035743905,37.393200178719525,46161920,811569152,,,
77,2026-10-08T22:11:52.001390+00:00,77.00403642699985,1815,1791494081.99,principal,0.9982965110002624,1.0017063958262356,0.5008531979131178,24043520,32919552,,,
77,2026-10-08T22:11:52.001390+00:00,77.00403642699985,1816,1791494082.08,descendente,0.9982905919996483,0.0,0.0,11190272,19447808,,,
77,2026-10-08T22:11:52.001390+00:00,77.00403642699985,1817,1791494082.08,descendente,0.9982887979995212,86.14741562996345,43.073707814981724,46239744,811433984,,,
77,2026-10-08T22:11:52.001390+00:00,77.00403642699985,1818,1791494082.08,descendente,0.9982884090004518,78.13373299415116,39.06686649707558,46161920,811569152,,,
78,2026-10-08T22:11:53.166056+00:00,78.16422023299947,1815,1791494081.99,principal,1.1646721209999669,0.0,0.0,24043520,32919552,,,
78,2026-10-08T22:11:53.166056+00:00,78.16422023299947,1816,1791494082.08,descendente,1.1646741170006862,0.0,0.0,11190272,19447808,,,
78,2026-10-08T22:11:53.166056+00:00,78.16422023299947,1817,1791494082.08,descendente,1.1646722150007918,89.29551049685311,44.647755248426556,46239744,811433984,,,
78,2026-10-08T22:11:53.166056+00:00,78.16422023299947,1818,1791494082.08,descendente,1.164671413999713,81.56807049445447,40.78403524722724,46161920,811569152,,,
79,2026-10-08T22:11:53.997868+00:00,79.00079046700012,1815,1791494081.99,principal,0.8318059969997194,0.0,0.0,24043520,32919552,,,
79,2026-10-08T22:11:53.997868+00:00,79.00079046700012,1816,1791494082.08,descendente,0.8318089399999735,0.0,0.0,11190272,19447808,,,
79,2026-10-08T22:11:53.997868+00:00,79.00079046700012,1817,1791494082.08,descendente,0.8318157629992129,84.15325017118099,42.07662508559049,46239744,811433984,,,
79,2026-10-08T22:11:53.997868+00:00,79.00079046700012,1818,1791494082.08,descendente,0.8318178050003553,67.32243486898027,33.66121743449013,46161920,811569152,,,
80,2026-10-08T22:11:55.024266+00:00,80.02705540900024,1815,1791494081.99,principal,1.0263972200000353,0.0,0.0,24043520,32919552,,,
80,2026-10-08T22:11:55.024266+00:00,80.02705540900024,1816,1791494082.08,descendente,1.026390259999971,0.0,0.0,11190272,19447808,,,
80,2026-10-08T22:11:55.024266+00:00,80.02705540900024,1817,1791494082.08,descendente,1.0263860750001186,98.40351740936025,49.201758704680124,46239744,811433984,,,
80,2026-10-08T22:11:55.024266+00:00,80.02705540900024,1818,1791494082.08,descendente,1.0264312229992356,97.42493969327984,48.71246984663992,46161920,811569152,,,
81,2026-10-08T22:11:56.139096+00:00,81.14206368400028,1815,1791494081.99,principal,1.114823873000205,0.0,0.0,24043520,32919552,,,
81,2026-10-08T22:11:56.139096+00:00,81.14206368400028,1816,1791494082.08,descendente,1.1148215659995913,0.0,0.0,11190272,19447808,,,
81,2026-10-08T22:11:56.139096+00:00,81.14206368400028,1817,1791494082.08,descendente,1.1148185820002254,63.68749242823252,31.84374621411626,46239744,811433984,,,
81,2026-10-08T22:11:56.139096+00:00,81.14206368400028,1818,1791494082.08,descendente,1.1147675830006847,82.52841345849467,41.264206729247334,46161920,811569152,,,
82,2026-10-08T22:11:56.999111+00:00,82.0020884429996,1815,1791494081.99,principal,0.8600190320003094,0.0,0.0,24043520,32919552,,,
82,2026-10-08T22:11:56.999111+00:00,82.0020884429996,1816,1791494082.08,descendente,0.8600195520002671,0.0,0.0,11190272,19447808,,,
82,2026-10-08T22:11:56.999111+00:00,82.0020884429996,1817,1791494082.08,descendente,0.8600195159997384,81.39350177262398,40.69675088631199,46239744,811433984,,,
82,2026-10-08T22:11:56.999111+00:00,82.0020884429996,1818,1791494082.08,descendente,0.8600196489996961,61.626498954592336,30.813249477296168,46161920,811569152,,,
83,2026-10-08T22:11:58.070854+00:00,83.06654948799951,1815,1791494081.99,principal,1.071748252999896,0.0,0.0,24043520,32919552,,,
83,2026-10-08T22:11:58.070854+00:00,83.06654948799951,1816,1791494082.08,descendente,1.0719026609995126,0.0,0.0,11190272,19447808,,,
83,2026-10-08T22:11:58.070854+00:00,83.06654948799951,1817,1791494082.08,descendente,1.071914005000508,86.76069121790317,43.380345608951586,46264320,811433984,,,
83,2026-10-08T22:11:58.070854+00:00,83.06654948799951,1818,1791494082.08,descendente,1.0719171319997258,48.511212711917096,24.255606355958548,46161920,811569152,,,
84,2026-10-08T22:11:59.034157+00:00,84.0372134979998,1815,1791494081.99,principal,0.963296666000133,0.0,0.0,24043520,32919552,,,
84,2026-10-08T22:11:59.034157+00:00,84.0372134979998,1816,1791494082.08,descendente,0.9631415760004529,0.0,0.0,11190272,19447808,,,
84,2026-10-08T22:11:59.034157+00:00,84.0372134979998,1817,1791494082.08,descendente,0.9631276509999225,66.45017400709267,33.225087003546335,46264320,811433984,,,
84,2026-10-08T22:11:59.034157+00:00,84.0372134979998,1818,1791494082.08,descendente,0.9631246600001759,55.02922124326833,27.514610621634166,46161920,811569152,,,
85,2026-10-08T22:12:00.006603+00:00,85.00961622700015,1815,1791494081.99,principal,0.9724475060002078,0.0,0.0,24043520,32919552,,,
85,2026-10-08T22:12:00.006603+00:00,85.00961622700015,1816,1791494082.08,descendente,0.9724486969998907,0.0,0.0,11190272,19447808,,,
85,2026-10-08T22:12:00.006603+00:00,85.00961622700015,1817,1791494082.08,descendente,0.9724529089999123,86.3795040588666,43.1897520294333,46264320,811433984,,,
85,2026-10-08T22:12:00.006603+00:00,85.00961622700015,1818,1791494082.08,descendente,0.9724532370000816,77.12453118194897,38.562265590974484,46161920,811569152,,,
86,2026-10-08T22:12:00.999891+00:00,86.00285466900004,1815,1791494081.99,principal,0.9932952389999627,0.0,0.0,24043520,32919552,,,
86,2026-10-08T22:12:00.999891+00:00,86.00285466900004,1816,1791494082.08,descendente,0.9933100349999222,0.0,0.0,11190272,19447808,,,
86,2026-10-08T22:12:00.999891+00:00,86.00285466900004,1817,1791494082.08,descendente,0.9933147470001131,88.59226168318382,44.29613084159191,46264320,811433984,,,
86,2026-10-08T22:12:00.999891+00:00,86.00285466900004,1818,1791494082.08,descendente,0.9933208729999023,66.44378648833113,33.221893244165564,46161920,811569152,,,
87,2026-10-08T22:12:02.128779+00:00,87.13164745299946,1815,1791494081.99,principal,1.128882097999849,0.0,0.0,24043520,32919552,,,
87,2026-10-08T22:12:02.128779+00:00,87.13164745299946,1816,1791494082.08,descendente,1.1288715020000382,0.0,0.0,11190272,19447808,,,
87,2026-10-08T22:12:02.128779+00:00,87.13164745299946,1817,1791494082.08,descendente,1.1288707060002707,80.61153462155212,40.30576731077606,46264320,811433984,,,
87,2026-10-08T22:12:02.128779+00:00,87.13164745299946,1818,1791494082.08,descendente,1.1288698560001649,85.92664556009596,42.96332278004798,46161920,811569152,,,
88,2026-10-08T22:12:02.998701+00:00,88.00154139200004,1815,1791494081.99,principal,0.8699251389998608,0.0,0.0,24043520,32919552,,,
88,2026-10-08T22:12:02.998701+00:00,88.00154139200004,1816,1791494082.08,descendente,0.8699266820003686,0.0,0.0,11190272,19447808,,,
88,2026-10-08T22:12:02.998701+00:00,88.00154139200004,1817,1791494082.08,descendente,0.869925394999882,79.31714650083852,39.65857325041926,46264320,811433984,,,
88,2026-10-08T22:12:02.998701+00:00,88.00154139200004,1818,1791494082.08,descendente,0.8699238640001568,78.16776020755621,39.08388010377811,46161920,811569152,,,
89,2026-10-08T22:12:03.998819+00:00,89.00155715399978,1815,1791494081.99,principal,1.000115117999485,0.0,0.0,24043520,32919552,,,
89,2026-10-08T22:12:03.998819+00:00,89.00155715399978,1816,1791494082.08,descendente,1.0001135599995905,0.0,0.0,11190272,19447808,,,
89,2026-10-08T22:12:03.998819+00:00,89.00155715399978,1817,1791494082.08,descendente,1.0001109770000767,86.99034607234634,43.49517303617317,46264320,811433984,,,
89,2026-10-08T22:12:03.998819+00:00,89.00155715399978,1818,1791494082.08,descendente,1.0001118029995268,65.99262182692992,32.99631091346496,46161920,811569152,,,
90,2026-10-08T22:12:05.007897+00:00,90.00306817799992,1815,1791494081.99,principal,1.0090829780001513,0.9909987798841144,0.4954993899420572,24043520,32919552,,,
90,2026-10-08T22:12:05.007897+00:00,90.00306817799992,1816,1791494082.08,descendente,1.0090847110004688,0.0,0.0,11190272,19447808,,,
90,2026-10-08T22:12:05.007897+00:00,90.00306817799992,1817,1791494082.08,descendente,1.0090862919996653,69.36968677008622,34.68484338504311,46264320,811433984,,,
90,2026-10-08T22:12:05.007897+00:00,90.00306817799992,1818,1791494082.08,descendente,1.0091548240006887,88.1926121575354,44.0963060787677,46161920,811569152,,,
91,2026-10-08T22:12:05.997654+00:00,91.00059484299982,1815,1791494081.99,principal,0.9897542160006196,0.0,0.0,24043520,32919552,,,
91,2026-10-08T22:12:05.997654+00:00,91.00059484299982,1816,1791494082.08,descendente,0.9897553999999218,0.0,0.0,11190272,19447808,,,
91,2026-10-08T22:12:05.997654+00:00,91.00059484299982,1817,1791494082.08,descendente,0.9897554500003025,82.84874814275443,41.424374071377216,46264320,811433984,,,
91,2026-10-08T22:12:05.997654+00:00,91.00059484299982,1818,1791494082.08,descendente,0.989747098999942,70.72513783645721,35.362568918228604,46161920,811569152,,,
92,2026-10-08T22:12:07.006772+00:00,92.00970718099961,1815,1791494081.99,principal,1.0091474569999264,0.0,0.0,24043520,32919552,,,
92,2026-10-08T22:12:07.006772+00:00,92.00970718099961,1816,1791494082.08,descendente,1.0091525540001385,0.0,0.0,11190272,19447808,,,
92,2026-10-08T22:12:07.006772+00:00,92.00970718099961,1817,1791494082.08,descendente,1.0091522719994828,82.2472507895683,41.12362539478415,46264320,811569152,,,
92,2026-10-08T22:12:07.006772+00:00,92.00970718099961,1818,1791494082.08,descendente,1.0090881699998135,65.40558294327145,32.70279147163573,46161920,811569152,,,
93,2026-10-08T22:12:08.073116+00:00,93.07057888199961,1815,1791494081.99,principal,1.0663165500000105,0.0,0.0,24043520,32919552,,,
93,2026-10-08T22:12:08.073116+00:00,93.07057888199961,1816,1791494082.08,descendente,1.0663097110000308,0.0,0.0,11190272,19447808,,,
93,2026-10-08T22:12:08.073116+00:00,93.07057888199961,1817,1791494082.08,descendente,1.0663067420000516,83.46566376675347,41.73283188337673,46264320,811569152,,,
93,2026-10-08T22:12:08.073116+00:00,93.07057888199961,1818,1791494082.08,descendente,1.0663088390001576,43.13947171547064,21.56973585773532,46161920,811569152,,,
94,2026-10-08T22:12:09.005944+00:00,94.00888584600034,1815,1791494081.99,principal,0.9328553549994467,0.0,0.0,24043520,32919552,,,
94,2026-10-08T22:12:09.005944+00:00,94.00888584600034,1816,1791494082.08,descendente,0.9328532859999541,0.0,0.0,11190272,19447808,,,
94,2026-10-08T22:12:09.005944+00:00,94.00888584600034,1817,1791494082.08,descendente,0.9328551290000178,66.46262433745946,33.23131216872973,46264320,811569152,,,
94,2026-10-08T22:12:09.005944+00:00,94.00888584600034,1818,1791494082.08,descendente,0.9328534629994465,70.75066193975992,35.37533096987996,46161920,811569152,,,
95,2026-10-08T22:12:10.007700+00:00,95.0105201260003,1815,1791494081.99,principal,1.0017309650002062,0.0,0.0,24043520,32919552,,,
95,2026-10-08T22:12:10.007700+00:00,95.0105201260003,1816,1791494082.08,descendente,1.0017321949999314,0.0,0.0,11190272,19447808,,,
95,2026-10-08T22:12:10.007700+00:00,95.0105201260003,1817,1791494082.08,descendente,1.0017297800004599,75.8687637298396,37.9343818649198,46264320,811569152,,,
95,2026-10-08T22:12:10.007700+00:00,95.0105201260003,1818,1791494082.08,descendente,1.0017305219998889,61.89289298703825,30.946446493519126,46161920,811569152,,,
96,2026-10-08T22:12:11.012177+00:00,96.01518154699988,1815,1791494081.99,principal,1.0044700859998557,0.0,0.0,24043520,32919552,,,
96,2026-10-08T22:12:11.012177+00:00,96.01518154699988,1816,1791494082.08,descendente,1.0044659389996013,0.0,0.0,11190272,19447808,,,
96,2026-10-08T22:12:11.012177+00:00,96.01518154699988,1817,1791494082.08,descendente,1.004467380999813,0.9955524877310841,0.49777624386554203,46264320,811569152,,,
96,2026-10-08T22:12:11.012177+00:00,96.01518154699988,1818,1791494082.08,descendente,1.004467802000363,0.9955520704671917,0.49777603523359587,46161920,811569152,,,
97,2026-10-08T22:12:12.013343+00:00,97.01631449999968,1815,1791494081.99,principal,1.0011669249997794,0.0,0.0,24043520,32919552,,,
97,2026-10-08T22:12:12.013343+00:00,97.01631449999968,1816,1791494082.08,descendente,1.0011699630003932,0.0,0.0,11190272,19447808,,,
97,2026-10-08T22:12:12.013343+00:00,97.01631449999968,1817,1791494082.08,descendente,1.0011767779997172,0.0,0.0,46264320,811569152,,,
97,2026-10-08T22:12:12.013343+00:00,97.01631449999968,1818,1791494082.08,descendente,1.001294671999858,0.9987070020075292,0.4993535010037646,46161920,811569152,,,
98,2026-10-08T22:12:12.998987+00:00,98.0016517719996,1815,1791494081.99,principal,0.9856446570001935,0.0,0.0,24043520,32919552,,,
98,2026-10-08T22:12:12.998987+00:00,98.0016517719996,1816,1791494082.08,descendente,0.9856438979995801,0.0,0.0,11190272,19447808,,,
98,2026-10-08T22:12:12.998987+00:00,98.0016517719996,1817,1791494082.08,descendente,0.9856400740000026,0.0,0.0,46264320,811569152,,,
98,2026-10-08T22:12:12.998987+00:00,98.0016517719996,1818,1791494082.08,descendente,0.9855218479997347,0.0,0.0,46161920,811569152,,,
99,2026-10-08T22:12:14.017384+00:00,99.02031966499999,1815,1791494081.99,principal,1.0183967080001821,0.9819356171758602,0.4909678085879301,24043520,32919552,,,
99,2026-10-08T22:12:14.017384+00:00,99.02031966499999,1816,1791494082.08,descendente,1.0183975569998438,0.0,0.0,11190272,19447808,,,
99,2026-10-08T22:12:14.017384+00:00,99.02031966499999,1817,1791494082.08,descendente,1.0183961740003724,0.0,0.0,46264320,811569152,,,
99,2026-10-08T22:12:14.017384+00:00,99.02031966499999,1818,1791494082.08,descendente,1.018398736000563,0.0,0.0,46161920,811569152,,,
100,2026-10-08T22:12:14.998210+00:00,100.00120643399987,1815,1791494081.99,principal,0.9808257980002963,0.0,0.0,24043520,32919552,,,
100,2026-10-08T22:12:14.998210+00:00,100.00120643399987,1816,1791494082.08,descendente,0.9809329320005418,0.0,0.0,11190272,19447808,,,
100,2026-10-08T22:12:14.998210+00:00,100.00120643399987,1817,1791494082.08,descendente,0.9809372649997385,0.0,0.0,46264320,811569152,,,
100,2026-10-08T22:12:14.998210+00:00,100.00120643399987,1818,1791494082.08,descendente,0.9809380970000348,0.0,0.0,46161920,811569152,,,
101,2026-10-08T22:12:15.997568+00:00,101.00060240199946,1815,1791494081.99,principal,0.9993544439994366,0.0,0.0,24043520,32919552,,,
101,2026-10-08T22:12:15.997568+00:00,101.00060240199946,1816,1791494082.08,descendente,0.9992433719999099,0.0,0.0,11190272,19447808,,,
101,2026-10-08T22:12:15.997568+00:00,101.00060240199946,1817,1791494082.08,descendente,0.9992370159998245,0.0,0.0,46264320,811569152,,,
101,2026-10-08T22:12:15.997568+00:00,101.00060240199946,1818,1791494082.08,descendente,0.9992316899997604,0.0,0.0,46161920,811569152,,,
102,2026-10-08T22:12:16.999651+00:00,102.00196649699956,1815,1791494081.99,principal,1.0020880430001853,0.0,0.0,24043520,32919552,,,
102,2026-10-08T22:12:16.999651+00:00,102.00196649699956,1816,1791494082.08,descendente,1.0020909419999953,0.0,0.0,11190272,19447808,,,
102,2026-10-08T22:12:16.999651+00:00,102.00196649699956,1817,1791494082.08,descendente,1.0020932349998475,0.0,0.0,46264320,811569152,,,
102,2026-10-08T22:12:16.999651+00:00,102.00196649699956,1818,1791494082.08,descendente,1.0020982070000173,0.0,0.0,46161920,811569152,,,
103,2026-10-08T22:12:18.082349+00:00,103.08516002200031,1815,1791494081.99,principal,1.082701016000101,0.0,0.0,24043520,32919552,,,
103,2026-10-08T22:12:18.082349+00:00,103.08516002200031,1816,1791494082.08,descendente,1.0827207209995322,0.0,0.0,11190272,19447808,,,
103,2026-10-08T22:12:18.082349+00:00,103.08516002200031,1817,1791494082.08,descendente,1.082723458000146,0.0,0.0,46264320,811569152,,,
103,2026-10-08T22:12:18.082349+00:00,103.08516002200031,1818,1791494082.08,descendente,1.0827251809996596,0.0,0.0,46161920,811569152,,,
104,2026-10-08T22:12:19.001841+00:00,104.00492982099968,1815,1791494081.99,principal,0.919482371000413,0.0,0.0,24043520,32919552,,,
104,2026-10-08T22:12:19.001841+00:00,104.00492982099968,1816,1791494082.08,descendente,0.9194595360004314,0.0,0.0,11190272,19447808,,,
104,2026-10-08T22:12:19.001841+00:00,104.00492982099968,1817,1791494082.08,descendente,0.9194533609997961,1.0876027457354764,0.5438013728677382,46264320,811569152,,,
104,2026-10-08T22:12:19.001841+00:00,104.00492982099968,1818,1791494082.08,descendente,0.9194461790002606,0.0,0.0,46161920,811569152,,,
105,2026-10-08T22:12:19.998742+00:00,105.00151872199967,1815,1791494081.99,principal,0.9969095029991877,0.0,0.0,24043520,32919552,,,
105,2026-10-08T22:12:19.998742+00:00,105.00151872199967,1816,1791494082.08,descendente,0.9969213570002466,0.0,0.0,11190272,19447808,,,
105,2026-10-08T22:12:19.998742+00:00,105.00151872199967,1817,1791494082.08,descendente,0.9969333120006922,0.0,0.0,46264320,811569152,,,
105,2026-10-08T22:12:19.998742+00:00,105.00151872199967,1818,1791494082.08,descendente,0.9969440069999109,0.0,0.0,46161920,811569152,,,
106,2026-10-08T22:12:20.998210+00:00,106.00120555499961,1815,1791494081.99,principal,0.9995114920002379,0.0,0.0,24043520,32919552,,,
106,2026-10-08T22:12:20.998210+00:00,106.00120555499961,1816,1791494082.08,descendente,0.9995078059992011,0.0,0.0,11190272,19447808,,,
106,2026-10-08T22:12:20.998210+00:00,106.00120555499961,1817,1791494082.08,descendente,0.9995014739997714,0.0,0.0,46264320,811569152,,,
106,2026-10-08T22:12:20.998210+00:00,106.00120555499961,1818,1791494082.08,descendente,0.9994946870001513,0.0,0.0,46161920,811569152,,,
107,2026-10-08T22:12:21.998790+00:00,107.00036988099964,1815,1791494081.99,principal,1.0005327850003596,0.0,0.0,24043520,32919552,,,
107,2026-10-08T22:12:21.998790+00:00,107.00036988099964,1816,1791494082.08,descendente,1.0005315719999999,0.0,0.0,11190272,19447808,,,
107,2026-10-08T22:12:21.998790+00:00,107.00036988099964,1817,1791494082.08,descendente,1.000525829000253,0.0,0.0,46264320,811569152,,,
107,2026-10-08T22:12:21.998790+00:00,107.00036988099964,1818,1791494082.08,descendente,1.0005625329995382,0.0,0.0,46161920,811569152,,,
108,2026-10-08T22:12:22.998309+00:00,108.00133691300016,1815,1791494081.99,principal,0.9995177649998368,0.0,0.0,24043520,32919552,,,
108,2026-10-08T22:12:22.998309+00:00,108.00133691300016,1816,1791494082.08,descendente,0.999576894000711,0.0,0.0,11190272,19447808,,,
108,2026-10-08T22:12:22.998309+00:00,108.00133691300016,1817,1791494082.08,descendente,0.9995859559994642,0.0,0.0,46264320,811569152,,,
108,2026-10-08T22:12:22.998309+00:00,108.00133691300016,1818,1791494082.08,descendente,0.9995488900003693,0.0,0.0,46161920,811569152,,,
109,2026-10-08T22:12:24.033623+00:00,109.03624829699947,1815,1791494081.99,principal,1.0353154399999767,0.0,0.0,24043520,32919552,,,
109,2026-10-08T22:12:24.033623+00:00,109.03624829699947,1816,1791494082.08,descendente,1.0352552539998214,0.0,0.0,11190272,19447808,,,
109,2026-10-08T22:12:24.033623+00:00,109.03624829699947,1817,1791494082.08,descendente,1.0352498120000746,0.0,0.0,46264320,811569152,,,
109,2026-10-08T22:12:24.033623+00:00,109.03624829699947,1818,1791494082.08,descendente,1.0352518520003287,0.9659485255369271,0.48297426276846356,46161920,811569152,,,
110,2026-10-08T22:12:25.020923+00:00,110.02401841000028,1815,1791494081.99,principal,0.9872958260002633,0.0,0.0,24043520,32919552,,,
110,2026-10-08T22:12:25.020923+00:00,110.02401841000028,1816,1791494082.08,descendente,0.9872866389996489,0.0,0.0,11190272,19447808,,,
110,2026-10-08T22:12:25.020923+00:00,110.02401841000028,1817,1791494082.08,descendente,0.9872800620005364,0.0,0.0,46264320,811569152,,,
110,2026-10-08T22:12:25.020923+00:00,110.02401841000028,1818,1791494082.08,descendente,0.987272196000049,0.0,0.0,46161920,811569152,,,
111,2026-10-08T22:12:25.998235+00:00,111.00119558400002,1815,1791494081.99,principal,0.9773163840000052,0.0,0.0,24043520,32919552,,,
111,2026-10-08T22:12:25.998235+00:00,111.00119558400002,1816,1791494082.08,descendente,0.9773843889997806,0.0,0.0,11190272,19447808,,,
111,2026-10-08T22:12:25.998235+00:00,111.00119558400002,1817,1791494082.08,descendente,0.9774149529994247,0.0,0.0,46264320,811569152,,,
111,2026-10-08T22:12:25.998235+00:00,111.00119558400002,1818,1791494082.08,descendente,0.977424754999447,0.0,0.0,46161920,811569152,,,
112,2026-10-08T22:12:27.021599+00:00,112.02456497599997,1815,1791494081.99,principal,1.0233631439996316,0.0,0.0,24043520,32919552,,,
112,2026-10-08T22:12:27.021599+00:00,112.02456497599997,1816,1791494082.08,descendente,1.0233029580003858,0.0,0.0,11190272,19447808,,,
112,2026-10-08T22:12:27.021599+00:00,112.02456497599997,1817,1791494082.08,descendente,1.0232773870002347,0.9772521241093947,0.48862606205469733,46264320,811569152,,,
112,2026-10-08T22:12:27.021599+00:00,112.02456497599997,1818,1791494082.08,descendente,1.023271372000636,0.0,0.0,46161920,811569152,,,
113,2026-10-08T22:12:28.049531+00:00,113.05247143999986,1815,1791494081.99,principal,1.0279323410004508,0.0,0.0,24043520,32919552,,,
113,2026-10-08T22:12:28.049531+00:00,113.05247143999986,1816,1791494082.08,descendente,1.0279329369996049,0.0,0.0,11190272,19447808,,,
113,2026-10-08T22:12:28.049531+00:00,113.05247143999986,1817,1791494082.08,descendente,1.027935006000007,0.0,0.0,46264320,811569152,,,
113,2026-10-08T22:12:28.049531+00:00,113.05247143999986,1818,1791494082.08,descendente,1.0279381119999016,0.0,0.0,46161920,811569152,,,
114,2026-10-08T22:12:29.002946+00:00,114.00599771099951,1815,1791494081.99,principal,0.9534125239997593,0.0,0.0,24043520,32919552,,,
114,2026-10-08T22:12:29.002946+00:00,114.00599771099951,1816,1791494082.08,descendente,0.9534028820007734,0.0,0.0,11190272,19447808,,,
114,2026-10-08T22:12:29.002946+00:00,114.00599771099951,1817,1791494082.08,descendente,0.9533947039999475,0.0,0.0,46264320,811569152,,,
114,2026-10-08T22:12:29.002946+00:00,114.00599771099951,1818,1791494082.08,descendente,0.9533854769997561,0.0,0.0,46161920,811569152,,,
115,2026-10-08T22:12:29.998411+00:00,115.0013231820003,1815,1791494081.99,principal,0.9954680640003062,0.0,0.0,24043520,32919552,,,
115,2026-10-08T22:12:29.998411+00:00,115.0013231820003,1816,1791494082.08,descendente,0.9955486759999985,0.0,0.0,11190272,19447808,,,
115,2026-10-08T22:12:29.998411+00:00,115.0013231820003,1817,1791494082.08,descendente,0.9956118410000272,0.0,0.0,46264320,811569152,,,
115,2026-10-08T22:12:29.998411+00:00,115.0013231820003,1818,1791494082.08,descendente,0.9956299149998813,0.0,0.0,46161920,811569152,,,
116,2026-10-08T22:12:31.021193+00:00,116.02424250900003,1815,1791494081.99,principal,1.0227794389993505,0.0,0.0,24043520,32919552,,,
116,2026-10-08T22:12:31.021193+00:00,116.02424250900003,1816,1791494082.08,descendente,1.0227032389993838,0.0,0.0,11190272,19447808,,,
116,2026-10-08T22:12:31.021193+00:00,116.02424250900003,1817,1791494082.08,descendente,1.0226427509996938,0.0,0.0,46264320,811569152,,,
116,2026-10-08T22:12:31.021193+00:00,116.02424250900003,1818,1791494082.08,descendente,1.0226294909998614,0.0,0.0,46161920,811569152,,,
117,2026-10-08T22:12:32.070417+00:00,117.07335108400002,1815,1791494081.99,principal,1.0492259600005127,0.0,0.0,24043520,32919552,,,
117,2026-10-08T22:12:32.070417+00:00,117.07335108400002,1816,1791494082.08,descendente,1.0493122080006287,0.0,0.0,11190272,19447808,,,
117,2026-10-08T22:12:32.070417+00:00,117.07335108400002,1817,1791494082.08,descendente,1.0493402470001456,0.0,0.0,46264320,811569152,,,
117,2026-10-08T22:12:32.070417+00:00,117.07335108400002,1818,1791494082.08,descendente,1.0493483310001466,0.9529724024490309,0.47648620122451546,46161920,811569152,,,
118,2026-10-08T22:12:32.998355+00:00,118.00132491800014,1815,1791494081.99,principal,0.9279371759994319,1.077659162564461,0.5388295812822305,24043520,32919552,,,
118,2026-10-08T22:12:32.998355+00:00,118.00132491800014,1816,1791494082.08,descendente,0.9278523509992738,0.0,0.0,11190272,19447808,,,
118,2026-10-08T22:12:32.998355+00:00,118.00132491800014,1817,1791494082.08,descendente,0.9278292930002863,0.0,0.0,46264320,811569152,,,
118,2026-10-08T22:12:32.998355+00:00,118.00132491800014,1818,1791494082.08,descendente,0.9278224010004124,0.0,0.0,46161920,811569152,,,
119,2026-10-08T22:12:33.998639+00:00,119.00160365099964,1815,1791494081.99,principal,1.0003017899998667,0.0,0.0,24043520,32919552,,,
119,2026-10-08T22:12:33.998639+00:00,119.00160365099964,1816,1791494082.08,descendente,1.0003080890001002,0.0,0.0,11190272,19447808,,,
119,2026-10-08T22:12:33.998639+00:00,119.00160365099964,1817,1791494082.08,descendente,1.0003076240000155,0.0,0.0,46264320,811569152,,,
119,2026-10-08T22:12:33.998639+00:00,119.00160365099964,1818,1791494082.08,descendente,1.0003107109996563,0.0,0.0,46161920,811569152,,,
120,2026-10-08T22:12:35.000160+00:00,120.00230793500032,1815,1791494081.99,principal,1.0015068530001372,0.0,0.0,24043520,32919552,,,
120,2026-10-08T22:12:35.000160+00:00,120.00230793500032,1816,1791494082.08,descendente,1.0015052170001582,0.0,0.0,11190272,19447808,,,
120,2026-10-08T22:12:35.000160+00:00,120.00230793500032,1817,1791494082.08,descendente,1.0015076889994816,0.9984945807037215,0.4992472903518608,46264320,811569152,,,
120,2026-10-08T22:12:35.000160+00:00,120.00230793500032,1818,1791494082.08,descendente,1.001507799999672,0.0,0.0,46161920,811569152,,,
121,2026-10-08T22:12:36.005363+00:00,121.00798525200025,1815,1791494081.99,principal,1.0051982499999212,0.0,0.0,24043520,32919552,,,
121,2026-10-08T22:12:36.005363+00:00,121.00798525200025,1816,1791494082.08,descendente,1.005193863000386,0.0,0.0,11190272,19447808,,,
121,2026-10-08T22:12:36.005363+00:00,121.00798525200025,1817,1791494082.08,descendente,1.0051895950000471,0.0,0.0,46264320,811569152,,,
121,2026-10-08T22:12:36.005363+00:00,121.00798525200025,1818,1791494082.08,descendente,1.0051867450001737,0.0,0.0,46161920,811569152,,,
122,2026-10-08T22:12:36.998662+00:00,122.00173437499961,1815,1791494081.99,principal,0.9933233730007487,0.0,0.0,24043520,32919552,,,
122,2026-10-08T22:12:36.998662+00:00,122.00173437499961,1816,1791494082.08,descendente,0.9933360549994177,0.0,0.0,11190272,19447808,,,
122,2026-10-08T22:12:36.998662+00:00,122.00173437499961,1817,1791494082.08,descendente,0.9933333600001788,0.0,0.0,46264320,811569152,,,
122,2026-10-08T22:12:36.998662+00:00,122.00173437499961,1818,1791494082.08,descendente,0.9933302469999035,0.0,0.0,46161920,811569152,,,
123,2026-10-08T22:12:37.999185+00:00,123.00218697899982,1815,1791494081.99,principal,1.0004991529995095,0.0,0.0,24043520,32919552,,,
123,2026-10-08T22:12:37.999185+00:00,123.00218697899982,1816,1791494082.08,descendente,1.0004902130003757,0.0,0.0,11190272,19447808,,,
123,2026-10-08T22:12:37.999185+00:00,123.00218697899982,1817,1791494082.08,descendente,1.0004954969999744,0.0,0.0,46264320,811569152,,,
123,2026-10-08T22:12:37.999185+00:00,123.00218697899982,1818,1791494082.08,descendente,1.0005028370005675,0.0,0.0,46161920,811569152,,,
124,2026-10-08T22:12:38.998409+00:00,124.00130296099996,1815,1791494081.99,principal,0.99922487799995,0.0,0.0,24043520,32919552,,,
124,2026-10-08T22:12:38.998409+00:00,124.00130296099996,1816,1791494082.08,descendente,0.9992244969998865,0.0,0.0,11190272,19447808,,,
124,2026-10-08T22:12:38.998409+00:00,124.00130296099996,1817,1791494082.08,descendente,0.9993258410004273,0.0,0.0,46264320,811569152,,,
124,2026-10-08T22:12:38.998409+00:00,124.00130296099996,1818,1791494082.08,descendente,0.9993360149992441,1.0006644261688566,0.5003322130844283,46161920,811569152,,,
125,2026-10-08T22:12:39.998653+00:00,125.00173279199953,1815,1791494081.99,principal,1.000240821999796,0.0,0.0,24043520,32919552,,,
125,2026-10-08T22:12:39.998653+00:00,125.00173279199953,1816,1791494082.08,descendente,1.0002380189998803,0.0,0.0,11190272,19447808,,,
125,2026-10-08T22:12:39.998653+00:00,125.00173279199953,1817,1791494082.08,descendente,1.0001321209992966,0.0,0.0,46264320,811569152,,,
125,2026-10-08T22:12:39.998653+00:00,125.00173279199953,1818,1791494082.08,descendente,1.0001157530005003,0.0,0.0,46161920,811569152,,,
126,2026-10-08T22:12:40.998327+00:00,126.00133413000003,1815,1791494081.99,principal,0.999678213000152,0.0,0.0,24043520,32919552,,,
126,2026-10-08T22:12:40.998327+00:00,126.00133413000003,1816,1791494082.08,descendente,0.9996810540005754,0.0,0.0,11190272,19447808,,,
126,2026-10-08T22:12:40.998327+00:00,126.00133413000003,1817,1791494082.08,descendente,0.9997613950008599,0.0,0.0,46264320,811569152,,,
126,2026-10-08T22:12:40.998327+00:00,126.00133413000003,1818,1791494082.08,descendente,0.999775068999952,0.0,0.0,46161920,811569152,,,
127,2026-10-08T22:12:41.998970+00:00,127.00186093999946,1815,1791494081.99,principal,1.0006547709999722,0.0,0.0,24043520,32919552,,,
127,2026-10-08T22:12:41.998970+00:00,127.00186093999946,1816,1791494082.08,descendente,1.000667883999995,0.0,0.0,11190272,19447808,,,
127,2026-10-08T22:12:41.998970+00:00,127.00186093999946,1817,1791494082.08,descendente,1.0005962789991827,0.0,0.0,46264320,811569152,,,
127,2026-10-08T22:12:41.998970+00:00,127.00186093999946,1818,1791494082.08,descendente,1.0005934800001342,0.0,0.0,46161920,811569152,,,
128,2026-10-08T22:12:42.999001+00:00,128.00184726099997,1815,1791494081.99,principal,1.0000232130005315,0.0,0.0,24043520,32919552,,,
128,2026-10-08T22:12:42.999001+00:00,128.00184726099997,1816,1791494082.08,descendente,1.0000517329999639,0.0,0.0,11190272,19447808,,,
128,2026-10-08T22:12:42.999001+00:00,128.00184726099997,1817,1791494082.08,descendente,1.0000578000008318,0.9999422033389058,0.4999711016694529,46264320,811569152,,,
128,2026-10-08T22:12:42.999001+00:00,128.00184726099997,1818,1791494082.08,descendente,1.0000529319995621,0.0,0.0,46161920,811569152,,,
129,2026-10-08T22:12:43.999954+00:00,129.00295284599997,1815,1791494081.99,principal,1.0009500619999017,0.0,0.0,24043520,32919552,,,
129,2026-10-08T22:12:43.999954+00:00,129.00295284599997,1816,1791494082.08,descendente,1.0009101069999815,0.0,0.0,11190272,19447808,,,
129,2026-10-08T22:12:43.999954+00:00,129.00295284599997,1817,1791494082.08,descendente,1.0009016139993037,0.0,0.0,46264320,811569152,,,
129,2026-10-08T22:12:43.999954+00:00,129.00295284599997,1818,1791494082.08,descendente,1.0009012420005092,0.0,0.0,46161920,811569152,,,
130,2026-10-08T22:12:44.998360+00:00,130.00134242500008,1815,1791494081.99,principal,0.9984039909995772,0.0,0.0,24043520,32919552,,,
130,2026-10-08T22:12:44.998360+00:00,130.00134242500008,1816,1791494082.08,descendente,0.9984021789996405,0.0,0.0,11190272,19447808,,,
130,2026-10-08T22:12:44.998360+00:00,130.00134242500008,1817,1791494082.08,descendente,0.9984000980002747,0.0,0.0,46264320,811569152,,,
130,2026-10-08T22:12:44.998360+00:00,130.00134242500008,1818,1791494082.08,descendente,0.9984010439993654,0.0,0.0,46161920,811569152,,,
131,2026-10-08T22:12:45.998698+00:00,131.00164302400026,1815,1791494081.99,principal,1.0004128290001972,0.0,0.0,24043520,32919552,,,
131,2026-10-08T22:12:45.998698+00:00,131.00164302400026,1816,1791494082.08,descendente,1.0004354610000519,0.0,0.0,11190272,19447808,,,
131,2026-10-08T22:12:45.998698+00:00,131.00164302400026,1817,1791494082.08,descendente,1.0004433169997355,0.0,0.0,46264320,811569152,,,
131,2026-10-08T22:12:45.998698+00:00,131.00164302400026,1818,1791494082.08,descendente,1.0004420370005391,0.0,0.0,46161920,811569152,,,
132,2026-10-08T22:12:47.072010+00:00,132.07421325399991,1815,1791494081.99,principal,1.0732364249997772,0.0,0.0,24043520,32919552,,,
132,2026-10-08T22:12:47.072010+00:00,132.07421325399991,1816,1791494082.08,descendente,1.0732077490001757,0.0,0.0,11190272,19447808,,,
132,2026-10-08T22:12:47.072010+00:00,132.07421325399991,1817,1791494082.08,descendente,1.0731972069997937,0.0,0.0,46264320,811569152,,,
132,2026-10-08T22:12:47.072010+00:00,132.07421325399991,1818,1791494082.08,descendente,1.0731915440001103,0.0,0.0,46161920,811569152,,,
133,2026-10-08T22:12:47.998508+00:00,133.00153344199953,1815,1791494081.99,principal,0.9264970110007198,0.0,0.0,24043520,32919552,,,
133,2026-10-08T22:12:47.998508+00:00,133.00153344199953,1816,1791494082.08,descendente,0.9265498929999012,0.0,0.0,11190272,19447808,,,
133,2026-10-08T22:12:47.998508+00:00,133.00153344199953,1817,1791494082.08,descendente,0.9265589830001772,0.0,0.0,46264320,811569152,,,
133,2026-10-08T22:12:47.998508+00:00,133.00153344199953,1818,1791494082.08,descendente,0.9265655119997973,1.0792545017575716,0.5396272508787858,46161920,811569152,,,
134,2026-10-08T22:12:49.002387+00:00,134.0053593269995,1815,1791494081.99,principal,1.0038810619998912,0.0,0.0,24043520,32919552,,,
134,2026-10-08T22:12:49.002387+00:00,134.0053593269995,1816,1791494082.08,descendente,1.003835008000351,0.0,0.0,11190272,19447808,,,
134,2026-10-08T22:12:49.002387+00:00,134.0053593269995,1817,1791494082.08,descendente,1.003827129000456,0.0,0.0,46264320,811569152,,,
134,2026-10-08T22:12:49.002387+00:00,134.0053593269995,1818,1791494082.08,descendente,1.003828658999737,0.0,0.0,46161920,811569152,,,
135,2026-10-08T22:12:49.998418+00:00,135.00141491700015,1815,1791494081.99,principal,0.9960305149998021,0.0,0.0,24043520,32919552,,,
135,2026-10-08T22:12:49.998418+00:00,135.00141491700015,1816,1791494082.08,descendente,0.9960307659994214,0.0,0.0,11190272,19447808,,,
135,2026-10-08T22:12:49.998418+00:00,135.00141491700015,1817,1791494082.08,descendente,0.9960325530000773,0.0,0.0,46264320,811569152,,,
135,2026-10-08T22:12:49.998418+00:00,135.00141491700015,1818,1791494082.08,descendente,0.9960313210003733,0.0,0.0,46161920,811569152,,,
136,2026-10-08T22:12:50.998725+00:00,136.00117207199946,1815,1791494081.99,principal,1.000308016999952,0.0,0.0,24043520,32919552,,,
136,2026-10-08T22:12:50.998725+00:00,136.00117207199946,1816,1791494082.08,descendente,1.0003962569999203,0.0,0.0,11190272,19447808,,,
136,2026-10-08T22:12:50.998725+00:00,136.00117207199946,1817,1791494082.08,descendente,1.0005702849994123,0.9994300400506563,0.49971502002532814,46264320,811569152,,,
136,2026-10-08T22:12:50.998725+00:00,136.00117207199946,1818,1791494082.08,descendente,1.0005792310003017,0.0,0.0,46161920,811569152,,,
137,2026-10-08T22:12:51.998322+00:00,137.00126682999962,1815,1791494081.99,principal,0.9995949320000364,0.0,0.0,24043520,32919552,,,
137,2026-10-08T22:12:51.998322+00:00,137.00126682999962,1816,1791494082.08,descendente,0.9995014410005751,0.0,0.0,11190272,19447808,,,
137,2026-10-08T22:12:51.998322+00:00,137.00126682999962,1817,1791494082.08,descendente,0.9993226540000251,0.0,0.0,46264320,811569152,,,
137,2026-10-08T22:12:51.998322+00:00,137.00126682999962,1818,1791494082.08,descendente,0.9993074699996214,0.0,0.0,46161920,811569152,,,
138,2026-10-08T22:12:53.001607+00:00,138.00462861599954,1815,1791494081.99,principal,1.003284063999672,0.0,0.0,24043520,32919552,,,
138,2026-10-08T22:12:53.001607+00:00,138.00462861599954,1816,1791494082.08,descendente,1.0032877459998417,0.0,0.0,11190272,19447808,,,
138,2026-10-08T22:12:53.001607+00:00,138.00462861599954,1817,1791494082.08,descendente,1.0032918440001595,0.0,0.0,46264320,811569152,,,
138,2026-10-08T22:12:53.001607+00:00,138.00462861599954,1818,1791494082.08,descendente,1.0032974409996314,0.0,0.0,46161920,811569152,,,
139,2026-10-08T22:12:53.998527+00:00,139.0015107729996,1815,1791494081.99,principal,0.9969663460005904,0.0,0.0,24043520,32919552,,,
139,2026-10-08T22:12:53.998527+00:00,139.0015107729996,1816,1791494082.08,descendente,0.9971426539996173,0.0,0.0,11190272,19447808,,,
139,2026-10-08T22:12:53.998527+00:00,139.0015107729996,1817,1791494082.08,descendente,0.9971563540002535,0.0,0.0,46264320,811569152,,,
139,2026-10-08T22:12:53.998527+00:00,139.0015107729996,1818,1791494082.08,descendente,0.9971588630005499,0.0,0.0,46161920,811569152,,,
140,2026-10-08T22:12:54.998350+00:00,140.00127097899986,1815,1791494081.99,principal,0.9997783789995083,0.0,0.0,24043520,32919552,,,
140,2026-10-08T22:12:54.998350+00:00,140.00127097899986,1816,1791494082.08,descendente,0.9996031540003969,0.0,0.0,11190272,19447808,,,
140,2026-10-08T22:12:54.998350+00:00,140.00127097899986,1817,1791494082.08,descendente,0.9995909859999301,0.0,0.0,46264320,811569152,,,
140,2026-10-08T22:12:54.998350+00:00,140.00127097899986,1818,1791494082.08,descendente,0.9995852969996122,1.000414875049406,0.500207437524703,46161920,811569152,,,
141,2026-10-08T22:12:55.997623+00:00,141.00029206599993,1815,1791494081.99,principal,0.9992732500004422,0.0,0.0,24043520,32919552,,,
141,2026-10-08T22:12:55.997623+00:00,141.00029206599993,1816,1791494082.08,descendente,0.9992713780002305,0.0,0.0,11190272,19447808,,,
141,2026-10-08T22:12:55.997623+00:00,141.00029206599993,1817,1791494082.08,descendente,0.9992678879998493,0.0,0.0,46264320,811569152,,,
141,2026-10-08T22:12:55.997623+00:00,141.00029206599993,1818,1791494082.08,descendente,0.9992683020000186,0.0,0.0,46161920,811569152,,,
142,2026-10-08T22:12:56.998894+00:00,142.0019215530001,1815,1791494081.99,principal,1.0012706429997706,0.0,0.0,24043520,32919552,,,
142,2026-10-08T22:12:56.998894+00:00,142.0019215530001,1816,1791494082.08,descendente,1.0014602849996663,0.0,0.0,11190272,19447808,,,
142,2026-10-08T22:12:56.998894+00:00,142.0019215530001,1817,1791494082.08,descendente,1.0014684640000269,0.0,0.0,46264320,811569152,,,
142,2026-10-08T22:12:56.998894+00:00,142.0019215530001,1818,1791494082.08,descendente,1.001469654000175,0.0,0.0,46161920,811569152,,,
143,2026-10-08T22:12:57.998188+00:00,143.0011885869999,1815,1791494081.99,principal,0.9995030139998562,0.0,0.0,24043520,32919552,,,
143,2026-10-08T22:12:57.998188+00:00,143.0011885869999,1816,1791494082.08,descendente,0.999333292999836,0.0,0.0,11190272,19447808,,,
143,2026-10-08T22:12:57.998188+00:00,143.0011885869999,1817,1791494082.08,descendente,0.9993309000001318,1.000669547993521,0.5003347739967605,46264320,811569152,,,
143,2026-10-08T22:12:57.998188+00:00,143.0011885869999,1818,1791494082.08,descendente,0.9993332149997514,0.0,0.0,46161920,811569152,,,
144,2026-10-08T22:12:59.002238+00:00,144.00519663999967,1815,1791494081.99,principal,1.0038414090004153,0.0,0.0,24043520,32919552,,,
144,2026-10-08T22:12:59.002238+00:00,144.00519663999967,1816,1791494082.08,descendente,1.0038251930000115,0.0,0.0,11190272,19447808,,,
144,2026-10-08T22:12:59.002238+00:00,144.00519663999967,1817,1791494082.08,descendente,1.0038229339997997,0.0,0.0,46264320,811569152,,,
144,2026-10-08T22:12:59.002238+00:00,144.00519663999967,1818,1791494082.08,descendente,1.00382014600018,0.0,0.0,46161920,811569152,,,
145,2026-10-08T22:12:59.998505+00:00,145.00149987900022,1815,1791494081.99,principal,0.9963038549994963,0.0,0.0,24043520,32919552,,,
145,2026-10-08T22:12:59.998505+00:00,145.00149987900022,1816,1791494082.08,descendente,0.9963144229996033,0.0,0.0,11190272,19447808,,,
145,2026-10-08T22:12:59.998505+00:00,145.00149987900022,1817,1791494082.08,descendente,0.9963124519999838,0.0,0.0,46264320,811569152,,,
145,2026-10-08T22:12:59.998505+00:00,145.00149987900022,1818,1791494082.08,descendente,0.9963145069996244,0.0,0.0,46161920,811569152,,,
146,2026-10-08T22:13:00.997868+00:00,146.00089736500013,1815,1791494081.99,principal,0.9993251109999619,0.0,0.0,24043520,32919552,,,
146,2026-10-08T22:13:00.997868+00:00,146.00089736500013,1816,1791494082.08,descendente,0.9993107270001929,0.0,0.0,11190272,19447808,,,
146,2026-10-08T22:13:00.997868+00:00,146.00089736500013,1817,1791494082.08,descendente,0.9993111390003833,0.0,0.0,46264320,811569152,,,
146,2026-10-08T22:13:00.997868+00:00,146.00089736500013,1818,1791494082.08,descendente,0.9993098400000235,0.0,0.0,46161920,811569152,,,
147,2026-10-08T22:13:01.999010+00:00,147.00201503599965,1815,1791494081.99,principal,1.0011413170004744,0.9988599841190545,0.49942999205952726,24043520,32919552,,,
147,2026-10-08T22:13:01.999010+00:00,147.00201503599965,1816,1791494082.08,descendente,1.0011390620002203,0.0,0.0,11190272,19447808,,,
147,2026-10-08T22:13:01.999010+00:00,147.00201503599965,1817,1791494082.08,descendente,1.001134756999818,0.0,0.0,46264320,811569152,,,
147,2026-10-08T22:13:01.999010+00:00,147.00201503599965,1818,1791494082.08,descendente,1.0011313300001348,0.9988699484715202,0.4994349742357601,46161920,811569152,,,
148,2026-10-08T22:13:02.998518+00:00,148.0015061639997,1815,1791494081.99,principal,0.9995090449992858,0.0,0.0,24043520,32919552,,,
148,2026-10-08T22:13:02.998518+00:00,148.0015061639997,1816,1791494082.08,descendente,0.9995125229997939,0.0,0.0,11190272,19447808,,,
148,2026-10-08T22:13:02.998518+00:00,148.0015061639997,1817,1791494082.08,descendente,0.9995148520001749,0.0,0.0,46264320,811569152,,,
148,2026-10-08T22:13:02.998518+00:00,148.0015061639997,1818,1791494082.08,descendente,0.999518683000133,0.0,0.0,46161920,811569152,,,
149,2026-10-08T22:13:03.997790+00:00,149.00038110999958,1815,1791494081.99,principal,0.9992706110006111,0.0,0.0,24043520,32919552,,,
149,2026-10-08T22:13:03.997790+00:00,149.00038110999958,1816,1791494082.08,descendente,1.0001858920004452,0.0,0.0,11190272,19447808,,,
149,2026-10-08T22:13:03.997790+00:00,149.00038110999958,1817,1791494082.08,descendente,1.0003694659999383,0.0,0.0,46264320,811569152,,,
149,2026-10-08T22:13:03.997790+00:00,149.00038110999958,1818,1791494082.08,descendente,1.0003934260003007,0.0,0.0,46161920,811569152,,,
150,2026-10-08T22:13:04.998364+00:00,150.001333403,1815,1791494081.99,principal,1.0005772309996246,0.0,0.0,24043520,32919552,,,
150,2026-10-08T22:13:04.998364+00:00,150.001333403,1816,1791494082.08,descendente,0.9996648079995794,0.0,0.0,11190272,19447808,,,
150,2026-10-08T22:13:04.998364+00:00,150.001333403,1817,1791494082.08,descendente,0.9994843969998328,1.000515868982853,0.5002579344914265,46264320,811569152,,,
150,2026-10-08T22:13:04.998364+00:00,150.001333403,1818,1791494082.08,descendente,0.9994594839999991,0.0,0.0,46161920,811569152,,,
151,2026-10-08T22:13:06.001017+00:00,151.00395813900013,1815,1791494081.99,principal,1.0026839110005312,0.0,0.0,24043520,32919552,,,
151,2026-10-08T22:13:06.001017+00:00,151.00395813900013,1816,1791494082.08,descendente,1.002685637000468,0.0,0.0,11190272,19447808,,,
151,2026-10-08T22:13:06.001017+00:00,151.00395813900013,1817,1791494082.08,descendente,1.0026852350001718,0.0,0.0,46264320,811569152,,,
151,2026-10-08T22:13:06.001017+00:00,151.00395813900013,1818,1791494082.08,descendente,1.0026854870002353,0.0,0.0,46161920,811569152,,,
152,2026-10-08T22:13:06.997279+00:00,152.00031453500014,1815,1791494081.99,principal,0.9962283179993392,0.0,0.0,24043520,32919552,,,
152,2026-10-08T22:13:06.997279+00:00,152.00031453500014,1816,1791494082.08,descendente,0.9962219689996346,0.0,0.0,11190272,19447808,,,
152,2026-10-08T22:13:06.997279+00:00,152.00031453500014,1817,1791494082.08,descendente,0.9962229630000365,0.0,0.0,46264320,811569152,,,
152,2026-10-08T22:13:06.997279+00:00,152.00031453500014,1818,1791494082.08,descendente,0.9962212859991268,0.0,0.0,46161920,811569152,,,
153,2026-10-08T22:13:07.998745+00:00,153.00178874199992,1815,1791494081.99,principal,1.001464660000238,0.0,0.0,24043520,32919552,,,
153,2026-10-08T22:13:07.998745+00:00,153.00178874199992,1816,1791494082.08,descendente,1.0014667770001324,0.0,0.0,11190272,19447808,,,
153,2026-10-08T22:13:07.998745+00:00,153.00178874199992,1817,1791494082.08,descendente,1.001561025999763,0.0,0.0,46264320,811569152,,,
153,2026-10-08T22:13:07.998745+00:00,153.00178874199992,1818,1791494082.08,descendente,1.0015870280003583,0.0,0.0,46161920,811569152,,,
154,2026-10-08T22:13:08.997955+00:00,154.0009093560002,1815,1791494081.99,principal,0.9992128809999485,0.0,0.0,24043520,32919552,,,
154,2026-10-08T22:13:08.997955+00:00,154.0009093560002,1816,1791494082.08,descendente,0.9992122029998427,0.0,0.0,11190272,19447808,,,
154,2026-10-08T22:13:08.997955+00:00,154.0009093560002,1817,1791494082.08,descendente,0.9991175100003602,0.0,0.0,46264320,811569152,,,
154,2026-10-08T22:13:08.997955+00:00,154.0009093560002,1818,1791494082.08,descendente,0.9990935069999978,0.0,0.0,46161920,811569152,,,
155,2026-10-08T22:13:10.018272+00:00,155.02129666499968,1815,1791494081.99,principal,1.0203160460005165,0.0,0.0,24043520,32919552,,,
155,2026-10-08T22:13:10.018272+00:00,155.02129666499968,1816,1791494082.08,descendente,1.0203138189999663,0.0,0.0,11190272,19447808,,,
155,2026-10-08T22:13:10.018272+00:00,155.02129666499968,1817,1791494082.08,descendente,1.020308608999585,0.0,0.0,46264320,811569152,,,
155,2026-10-08T22:13:10.018272+00:00,155.02129666499968,1818,1791494082.08,descendente,1.020305881999775,0.9800982407737517,0.49004912038687587,46161920,811569152,,,
156,2026-10-08T22:13:11.048349+00:00,156.0512705989995,1815,1791494081.99,principal,1.030081063999205,0.9707973818269806,0.4853986909134903,24043520,32919552,,,
156,2026-10-08T22:13:11.048349+00:00,156.0512705989995,1816,1791494082.08,descendente,1.0300801000003048,0.0,0.0,11190272,19447808,,,
156,2026-10-08T22:13:11.048349+00:00,156.0512705989995,1817,1791494082.08,descendente,1.0300808319998396,0.0,0.0,46264320,811569152,,,
156,2026-10-08T22:13:11.048349+00:00,156.0512705989995,1818,1791494082.08,descendente,1.030082035000305,0.0,0.0,46161920,811569152,,,
157,2026-10-08T22:13:11.998856+00:00,157.0018386060001,1815,1791494081.99,principal,0.9505041860002166,0.0,0.0,24043520,32919552,,,
157,2026-10-08T22:13:11.998856+00:00,157.0018386060001,1816,1791494082.08,descendente,0.9506406370001059,0.0,0.0,11190272,19447808,,,
157,2026-10-08T22:13:11.998856+00:00,157.0018386060001,1817,1791494082.08,descendente,0.9506551730000865,0.0,0.0,46264320,811569152,,,
157,2026-10-08T22:13:11.998856+00:00,157.0018386060001,1818,1791494082.08,descendente,0.9506603130002986,0.0,0.0,46161920,811569152,,,
158,2026-10-08T22:13:12.998071+00:00,158.00087362799968,1815,1791494081.99,principal,0.9992588570003136,0.0,0.0,24043520,32919552,,,
158,2026-10-08T22:13:12.998071+00:00,158.00087362799968,1816,1791494082.08,descendente,0.9991312779993677,0.0,0.0,11190272,19447808,,,
158,2026-10-08T22:13:12.998071+00:00,158.00087362799968,1817,1791494082.08,descendente,0.9991202279998106,1.0008805466795934,0.5004402733397967,46264320,811569152,,,
158,2026-10-08T22:13:12.998071+00:00,158.00087362799968,1818,1791494082.08,descendente,0.9991159799992602,1.0008848021826566,0.5004424010913283,46161920,811569152,,,
159,2026-10-08T22:13:14.048800+00:00,159.0515524399998,1815,1791494081.99,principal,1.0506940440000108,0.0,0.0,24043520,32919552,,,
159,2026-10-08T22:13:14.048800+00:00,159.0515524399998,1816,1791494082.08,descendente,1.0507001530004345,0.0,0.0,11190272,19447808,,,
159,2026-10-08T22:13:14.048800+00:00,159.0515524399998,1817,1791494082.08,descendente,1.0507037780007522,0.0,0.0,46264320,811569152,,,
159,2026-10-08T22:13:14.048800+00:00,159.0515524399998,1818,1791494082.08,descendente,1.0507081320001816,0.0,0.0,46161920,811569152,,,
160,2026-10-08T22:13:14.999464+00:00,160.00238947100024,1815,1791494081.99,principal,0.9506598540001505,0.0,0.0,24043520,32919552,,,
160,2026-10-08T22:13:14.999464+00:00,160.00238947100024,1816,1791494082.08,descendente,0.950653267999769,0.0,0.0,11190272,19447808,,,
160,2026-10-08T22:13:14.999464+00:00,160.00238947100024,1817,1791494082.08,descendente,0.9506557559998328,0.0,0.0,46264320,811569152,,,
160,2026-10-08T22:13:14.999464+00:00,160.00238947100024,1818,1791494082.08,descendente,0.9506559589999597,0.0,0.0,46161920,811569152,,,
161,2026-10-08T22:13:16.006970+00:00,161.0099870690001,1815,1791494081.99,principal,1.007500661999984,0.0,0.0,24043520,32919552,,,
161,2026-10-08T22:13:16.006970+00:00,161.0099870690001,1816,1791494082.08,descendente,1.0076455520002128,0.0,0.0,11190272,19447808,,,
161,2026-10-08T22:13:16.006970+00:00,161.0099870690001,1817,1791494082.08,descendente,1.0076431010002125,0.0,0.0,46264320,811569152,,,
161,2026-10-08T22:13:16.006970+00:00,161.0099870690001,1818,1791494082.08,descendente,1.0078776230002404,0.0,0.0,46161920,811569152,,,
162,2026-10-08T22:13:16.997874+00:00,162.00043051800003,1815,1791494081.99,principal,0.9909048279996568,0.0,0.0,24043520,32919552,,,
162,2026-10-08T22:13:16.997874+00:00,162.00043051800003,1816,1791494082.08,descendente,0.9907548709998082,0.0,0.0,11190272,19447808,,,
162,2026-10-08T22:13:16.997874+00:00,162.00043051800003,1817,1791494082.08,descendente,0.9907530009995753,0.0,0.0,46264320,811569152,,,
162,2026-10-08T22:13:16.997874+00:00,162.00043051800003,1818,1791494082.08,descendente,0.9905154309999489,0.0,0.0,46161920,811569152,,,
163,2026-10-08T22:13:18.049452+00:00,163.05236520200015,1815,1791494081.99,principal,1.0515762120003274,0.0,0.0,24043520,32919552,,,
163,2026-10-08T22:13:18.049452+00:00,163.05236520200015,1816,1791494082.08,descendente,1.0515764040001159,0.0,0.0,11190272,19447808,,,
163,2026-10-08T22:13:18.049452+00:00,163.05236520200015,1817,1791494082.08,descendente,1.051571480000348,0.0,0.0,46264320,811569152,,,
163,2026-10-08T22:13:18.049452+00:00,163.05236520200015,1818,1791494082.08,descendente,1.0515672510000513,0.0,0.0,46161920,811569152,,,
164,2026-10-08T22:13:19.012670+00:00,164.01570518300014,1815,1791494081.99,principal,0.9632173390000389,0.0,0.0,24043520,32919552,,,
164,2026-10-08T22:13:19.012670+00:00,164.01570518300014,1816,1791494082.08,descendente,0.9632163890000811,0.0,0.0,11190272,19447808,,,
164,2026-10-08T22:13:19.012670+00:00,164.01570518300014,1817,1791494082.08,descendente,0.9632179059999544,0.0,0.0,46264320,811569152,,,
164,2026-10-08T22:13:19.012670+00:00,164.01570518300014,1818,1791494082.08,descendente,0.9632181489996583,0.0,0.0,46161920,811569152,,,
165,2026-10-08T22:13:20.130633+00:00,165.13359153199963,1815,1791494081.99,principal,1.1179664359997332,0.0,0.0,24043520,32919552,,,
165,2026-10-08T22:13:20.130633+00:00,165.13359153199963,1816,1791494082.08,descendente,1.1179692779996913,0.0,0.0,11190272,19447808,,,
165,2026-10-08T22:13:20.130633+00:00,165.13359153199963,1817,1791494082.08,descendente,1.1179688859992893,0.8944792762324927,0.44723963811624634,46264320,811569152,,,
165,2026-10-08T22:13:20.130633+00:00,165.13359153199963,1818,1791494082.08,descendente,1.1179710340002202,0.8944775576349087,0.44723877881745433,46161920,811569152,,,
166,2026-10-08T22:13:20.998239+00:00,166.0011999469998,1815,1791494081.99,principal,0.8676034419995631,0.0,0.0,24043520,32919552,,,
166,2026-10-08T22:13:20.998239+00:00,166.0011999469998,1816,1791494082.08,descendente,0.8675998050002818,0.0,0.0,11190272,19447808,,,
166,2026-10-08T22:13:20.998239+00:00,166.0011999469998,1817,1791494082.08,descendente,0.8676012420000916,0.0,0.0,46264320,811569152,,,
166,2026-10-08T22:13:20.998239+00:00,166.0011999469998,1818,1791494082.08,descendente,0.8676030369997534,0.0,0.0,46161920,811569152,,,
167,2026-10-08T22:13:21.998398+00:00,167.0007712609995,1815,1791494081.99,principal,1.000171524000507,0.0,0.0,24043520,32919552,,,
167,2026-10-08T22:13:21.998398+00:00,167.0007712609995,1816,1791494082.08,descendente,1.00017984599981,0.0,0.0,11190272,19447808,,,
167,2026-10-08T22:13:21.998398+00:00,167.0007712609995,1817,1791494082.08,descendente,1.0005087930003356,0.0,0.0,46264320,811569152,,,
167,2026-10-08T22:13:21.998398+00:00,167.0007712609995,1818,1791494082.08,descendente,1.0012624360006157,0.0,0.0,46161920,811569152,,,
168,2026-10-08T22:13:23.061524+00:00,168.06462476599972,1815,1791494081.99,principal,1.0631101239996497,0.0,0.0,24043520,32919552,,,
168,2026-10-08T22:13:23.061524+00:00,168.06462476599972,1816,1791494082.08,descendente,1.0630975499998385,0.0,0.0,11190272,19447808,,,
168,2026-10-08T22:13:23.061524+00:00,168.06462476599972,1817,1791494082.08,descendente,1.0627638890000526,0.0,0.0,46264320,811569152,,,
168,2026-10-08T22:13:23.061524+00:00,168.06462476599972,1818,1791494082.08,descendente,1.0620045010000467,0.0,0.0,46161920,811569152,,,
169,2026-10-08T22:13:24.001874+00:00,169.00494280099974,1815,1791494081.99,principal,0.9403498930005298,0.0,0.0,24043520,32919552,,,
169,2026-10-08T22:13:24.001874+00:00,169.00494280099974,1816,1791494082.08,descendente,0.940623207000499,0.0,0.0,11190272,19447808,,,
169,2026-10-08T22:13:24.001874+00:00,169.00494280099974,1817,1791494082.08,descendente,0.9406323679995694,0.0,0.0,46264320,811569152,,,
169,2026-10-08T22:13:24.001874+00:00,169.00494280099974,1818,1791494082.08,descendente,0.9406357939997179,0.0,0.0,46161920,811569152,,,
170,2026-10-08T22:13:25.029990+00:00,170.03273331899982,1815,1791494081.99,principal,1.0281185859994366,0.0,0.0,24043520,32919552,,,
170,2026-10-08T22:13:25.029990+00:00,170.03273331899982,1816,1791494082.08,descendente,1.0278468179994888,0.0,0.0,11190272,19447808,,,
170,2026-10-08T22:13:25.029990+00:00,170.03273331899982,1817,1791494082.08,descendente,1.0278381450007146,0.0,0.0,46264320,811569152,,,
170,2026-10-08T22:13:25.029990+00:00,170.03273331899982,1818,1791494082.08,descendente,1.0278374010003972,0.0,0.0,46161920,811569152,,,
171,2026-10-08T22:13:25.998370+00:00,171.00092797199977,1815,1791494081.99,principal,0.9683833839999352,0.0,0.0,24043520,32919552,,,
171,2026-10-08T22:13:25.998370+00:00,171.00092797199977,1816,1791494082.08,descendente,0.9683882469998935,0.0,0.0,11190272,19447808,,,
171,2026-10-08T22:13:25.998370+00:00,171.00092797199977,1817,1791494082.08,descendente,0.9683946380000634,0.0,0.0,46264320,811569152,,,
171,2026-10-08T22:13:25.998370+00:00,171.00092797199977,1818,1791494082.08,descendente,0.9684013729993239,0.0,0.0,46161920,811569152,,,
172,2026-10-08T22:13:27.003101+00:00,172.00594490099957,1815,1791494081.99,principal,1.0047271850007746,0.0,0.0,24043520,32919552,,,
172,2026-10-08T22:13:27.003101+00:00,172.00594490099957,1816,1791494082.08,descendente,1.0047216320008374,0.0,0.0,11190272,19447808,,,
172,2026-10-08T22:13:27.003101+00:00,172.00594490099957,1817,1791494082.08,descendente,1.004718308999145,0.0,0.0,46264320,811569152,,,
172,2026-10-08T22:13:27.003101+00:00,172.00594490099957,1818,1791494082.08,descendente,1.0047111580006458,0.0,0.0,46161920,811569152,,,
173,2026-10-08T22:13:28.011851+00:00,173.0146482199998,1815,1791494081.99,principal,1.0087484069999846,0.0,0.0,24043520,32919552,,,
173,2026-10-08T22:13:28.011851+00:00,173.0146482199998,1816,1791494082.08,descendente,1.0089949429993794,0.0,0.0,11190272,19447808,,,
173,2026-10-08T22:13:28.011851+00:00,173.0146482199998,1817,1791494082.08,descendente,1.0090464490003797,0.0,0.0,46264320,811569152,,,
173,2026-10-08T22:13:28.011851+00:00,173.0146482199998,1818,1791494082.08,descendente,1.0090506559999994,0.0,0.0,46161920,811569152,,,
174,2026-10-08T22:13:28.998314+00:00,174.00125920000028,1815,1791494081.99,principal,0.9864720869991288,0.0,0.0,24043520,32919552,,,
174,2026-10-08T22:13:28.998314+00:00,174.00125920000028,1816,1791494082.08,descendente,0.9862320120000732,0.0,0.0,11190272,19447808,,,
174,2026-10-08T22:13:28.998314+00:00,174.00125920000028,1817,1791494082.08,descendente,0.9861817230002998,0.0,0.0,46264320,811569152,,,
174,2026-10-08T22:13:28.998314+00:00,174.00125920000028,1818,1791494082.08,descendente,0.9861760280000453,0.0,0.0,46161920,811569152,,,
175,2026-10-08T22:13:29.998573+00:00,175.00133416599965,1815,1791494081.99,principal,1.0002534700006436,0.0,0.0,24043520,32919552,,,
175,2026-10-08T22:13:29.998573+00:00,175.00133416599965,1816,1791494082.08,descendente,1.000251092000326,0.0,0.0,11190272,19447808,,,
175,2026-10-08T22:13:29.998573+00:00,175.00133416599965,1817,1791494082.08,descendente,1.0002511019993108,0.9997489610361655,0.49987448051808275,46264320,811569152,,,
175,2026-10-08T22:13:29.998573+00:00,175.00133416599965,1818,1791494082.08,descendente,1.0010990819992003,0.9989021246549193,0.49945106232745967,46161920,811569152,,,
176,2026-10-08T22:13:30.999074+00:00,176.00215690000005,1815,1791494081.99,principal,1.0004999009997846,0.0,0.0,24043520,32919552,,,
176,2026-10-08T22:13:30.999074+00:00,176.00215690000005,1816,1791494082.08,descendente,1.000495499999488,0.0,0.0,11190272,19447808,,,
176,2026-10-08T22:13:30.999074+00:00,176.00215690000005,1817,1791494082.08,descendente,1.0005249940004433,0.0,0.0,46264320,811569152,,,
176,2026-10-08T22:13:30.999074+00:00,176.00215690000005,1818,1791494082.08,descendente,0.9996772180002154,0.0,0.0,46161920,811569152,,,
177,2026-10-08T22:13:31.999127+00:00,177.00221574700026,1815,1791494081.99,principal,1.0000514399998792,0.0,0.0,24043520,32919552,,,
177,2026-10-08T22:13:31.999127+00:00,177.00221574700026,1816,1791494082.08,descendente,1.0000501390004501,0.0,0.0,11190272,19447808,,,
177,2026-10-08T22:13:31.999127+00:00,177.00221574700026,1817,1791494082.08,descendente,1.0000426019996667,0.0,0.0,46264320,811569152,,,
177,2026-10-08T22:13:31.999127+00:00,177.00221574700026,1818,1791494082.08,descendente,1.0000415080003222,0.0,0.0,46161920,811569152,,,
178,2026-10-08T22:13:32.998723+00:00,178.0015780949998,1815,1791494081.99,principal,0.9996078710000802,0.0,0.0,24043520,32919552,,,
178,2026-10-08T22:13:32.998723+00:00,178.0015780949998,1816,1791494082.08,descendente,0.9996139969998694,0.0,0.0,11190272,19447808,,,
178,2026-10-08T22:13:32.998723+00:00,178.0015780949998,1817,1791494082.08,descendente,0.9995895320007548,0.0,0.0,46264320,811569152,,,
178,2026-10-08T22:13:32.998723+00:00,178.0015780949998,1818,1791494082.08,descendente,0.9995908399996551,0.0,0.0,46161920,811569152,,,
179,2026-10-08T22:13:33.998174+00:00,179.00118623300023,1815,1791494081.99,principal,0.9994433299998491,0.0,0.0,24043520,32919552,,,
179,2026-10-08T22:13:33.998174+00:00,179.00118623300023,1816,1791494082.08,descendente,0.9994415399996797,0.0,0.0,11190272,19447808,,,
179,2026-10-08T22:13:33.998174+00:00,179.00118623300023,1817,1791494082.08,descendente,0.9994429789994683,0.0,0.0,46264320,811569152,,,
179,2026-10-08T22:13:33.998174+00:00,179.00118623300023,1818,1791494082.08,descendente,0.9994453180006531,0.0,0.0,46161920,811569152,,,
180,2026-10-08T22:13:34.998393+00:00,180.00133359400024,1815,1791494081.99,principal,1.000224201000492,0.0,0.0,24043520,32919552,,,
180,2026-10-08T22:13:34.998393+00:00,180.00133359400024,1816,1791494082.08,descendente,1.0002290610000273,0.0,0.0,11190272,19447808,,,
180,2026-10-08T22:13:34.998393+00:00,180.00133359400024,1817,1791494082.08,descendente,1.0002305959997102,0.0,0.0,46264320,811569152,,,
180,2026-10-08T22:13:34.998393+00:00,180.00133359400024,1818,1791494082.08,descendente,1.0002322729997104,0.0,0.0,46161920,811569152,,,
181,2026-10-08T22:13:35.998311+00:00,181.00096160500016,1815,1791494081.99,principal,0.9999105429997144,1.0000894650035796,0.5000447325017898,24043520,32919552,,,
181,2026-10-08T22:13:35.998311+00:00,181.00096160500016,1816,1791494082.08,descendente,0.9999038840005596,0.0,0.0,11190272,19447808,,,
181,2026-10-08T22:13:35.998311+00:00,181.00096160500016,1817,1791494082.08,descendente,0.9998999340004957,0.0,0.0,46264320,811569152,,,
181,2026-10-08T22:13:35.998311+00:00,181.00096160500016,1818,1791494082.08,descendente,0.99989628899948,0.0,0.0,46161920,811569152,,,
182,2026-10-08T22:13:36.997299+00:00,182.00008759499997,1815,1791494081.99,principal,0.9989886220000699,0.0,0.0,24043520,32919552,,,
182,2026-10-08T22:13:36.997299+00:00,182.00008759499997,1816,1791494082.08,descendente,0.9989900740001758,0.0,0.0,11190272,19447808,,,
182,2026-10-08T22:13:36.997299+00:00,182.00008759499997,1817,1791494082.08,descendente,0.998991773999478,0.0,0.0,46264320,811569152,,,
182,2026-10-08T22:13:36.997299+00:00,182.00008759499997,1818,1791494082.08,descendente,0.9989898960002392,0.0,0.0,46161920,811569152,,,
183,2026-10-08T22:13:37.998945+00:00,183.00200666399996,1815,1791494081.99,principal,1.0016433680002592,0.0,0.0,24043520,32919552,,,
183,2026-10-08T22:13:37.998945+00:00,183.00200666399996,1816,1791494082.08,descendente,1.0016411589995187,0.0,0.0,11190272,19447808,,,
183,2026-10-08T22:13:37.998945+00:00,183.00200666399996,1817,1791494082.08,descendente,1.001639050000449,0.9983636320874691,0.49918181604373457,46264320,811569152,,,
183,2026-10-08T22:13:37.998945+00:00,183.00200666399996,1818,1791494082.08,descendente,1.001640325000153,0.0,0.0,46161920,811569152,,,
184,2026-10-08T22:13:38.998292+00:00,184.00104962600017,1815,1791494081.99,principal,0.9993490050001128,0.0,0.0,24043520,32919552,,,
184,2026-10-08T22:13:38.998292+00:00,184.00104962600017,1816,1791494082.08,descendente,0.999351129000388,0.0,0.0,11190272,19447808,,,
184,2026-10-08T22:13:38.998292+00:00,184.00104962600017,1817,1791494082.08,descendente,0.9993597760003468,0.0,0.0,46264320,811569152,,,
184,2026-10-08T22:13:38.998292+00:00,184.00104962600017,1818,1791494082.08,descendente,0.9993623649997971,0.0,0.0,46161920,811569152,,,
185,2026-10-08T22:13:39.998950+00:00,185.0019244489995,1815,1791494081.99,principal,1.0006866429994261,0.0,0.0,24043520,32919552,,,
185,2026-10-08T22:13:39.998950+00:00,185.0019244489995,1816,1791494082.08,descendente,1.0006895529995745,0.0,0.0,11190272,19447808,,,
185,2026-10-08T22:13:39.998950+00:00,185.0019244489995,1817,1791494082.08,descendente,1.0006806849996792,0.0,0.0,46264320,811569152,,,
185,2026-10-08T22:13:39.998950+00:00,185.0019244489995,1818,1791494082.08,descendente,1.0006776649997846,0.9993227939181651,0.49966139695908257,46161920,811569152,,,
186,2026-10-08T22:13:40.998451+00:00,186.00129423199996,1815,1791494081.99,principal,0.999472348999916,0.0,0.0,24043520,32919552,,,
186,2026-10-08T22:13:40.998451+00:00,186.00129423199996,1816,1791494082.08,descendente,0.9994680059999155,0.0,0.0,11190272,19447808,,,
186,2026-10-08T22:13:40.998451+00:00,186.00129423199996,1817,1791494082.08,descendente,0.9994689570003175,0.0,0.0,46264320,811569152,,,
186,2026-10-08T22:13:40.998451+00:00,186.00129423199996,1818,1791494082.08,descendente,0.999469871000656,0.0,0.0,46161920,811569152,,,
187,2026-10-08T22:13:41.999973+00:00,187.00293455799965,1815,1791494081.99,principal,1.0015212859998428,0.0,0.0,24043520,32919552,,,
187,2026-10-08T22:13:41.999973+00:00,187.00293455799965,1816,1791494082.08,descendente,1.0015229390000968,0.0,0.0,11190272,19447808,,,
187,2026-10-08T22:13:41.999973+00:00,187.00293455799965,1817,1791494082.08,descendente,1.0015221419998852,0.0,0.0,46264320,811569152,,,
187,2026-10-08T22:13:41.999973+00:00,187.00293455799965,1818,1791494082.08,descendente,1.001524810999399,0.0,0.0,46161920,811569152,,,
188,2026-10-08T22:13:42.998661+00:00,188.00151662699955,1815,1791494081.99,principal,0.9986903940007323,0.0,0.0,24043520,32919552,,,
188,2026-10-08T22:13:42.998661+00:00,188.00151662699955,1816,1791494082.08,descendente,0.9986908379996748,0.0,0.0,11190272,19447808,,,
188,2026-10-08T22:13:42.998661+00:00,188.00151662699955,1817,1791494082.08,descendente,0.9986959580000985,0.0,0.0,46264320,811569152,,,
188,2026-10-08T22:13:42.998661+00:00,188.00151662699955,1818,1791494082.08,descendente,0.9986987040001623,0.0,0.0,46161920,811569152,,,
189,2026-10-08T22:13:43.999419+00:00,189.002474592,1815,1791494081.99,principal,1.0007547329996669,0.0,0.0,24043520,32919552,,,
189,2026-10-08T22:13:43.999419+00:00,189.002474592,1816,1791494082.08,descendente,1.0007881730007284,0.0,0.0,11190272,19447808,,,
189,2026-10-08T22:13:43.999419+00:00,189.002474592,1817,1791494082.08,descendente,1.0007837200000722,0.0,0.0,46264320,811569152,,,
189,2026-10-08T22:13:43.999419+00:00,189.002474592,1818,1791494082.08,descendente,1.0007774350006002,0.0,0.0,46161920,811569152,,,
190,2026-10-08T22:13:44.998520+00:00,190.0014571490001,1815,1791494081.99,principal,0.9991078479997668,0.0,0.0,24043520,32919552,,,
190,2026-10-08T22:13:44.998520+00:00,190.0014571490001,1816,1791494082.08,descendente,0.9990824979995523,0.0,0.0,11190272,19447808,,,
190,2026-10-08T22:13:44.998520+00:00,190.0014571490001,1817,1791494082.08,descendente,0.99908518599932,0.0,0.0,46264320,811569152,,,
190,2026-10-08T22:13:44.998520+00:00,190.0014571490001,1818,1791494082.08,descendente,0.9990859219997219,0.0,0.0,46161920,811569152,,,
191,2026-10-08T22:13:45.997978+00:00,191.0006746629997,1815,1791494081.99,principal,0.9994530390004002,1.0005472603296355,0.5002736301648177,24043520,32919552,,,
191,2026-10-08T22:13:45.997978+00:00,191.0006746629997,1816,1791494082.08,descendente,0.9994415979999758,0.0,0.0,11190272,19447808,,,
191,2026-10-08T22:13:45.997978+00:00,191.0006746629997,1817,1791494082.08,descendente,0.9994427870005893,1.000557523657931,0.5002787618289655,46264320,811569152,,,
191,2026-10-08T22:13:45.997978+00:00,191.0006746629997,1818,1791494082.08,descendente,0.9994411620000392,0.0,0.0,46161920,811569152,,,
192,2026-10-08T22:13:47.005515+00:00,192.00829135599997,1815,1791494081.99,principal,1.007535407999967,0.0,0.0,24043520,32919552,,,
192,2026-10-08T22:13:47.005515+00:00,192.00829135599997,1816,1791494082.08,descendente,1.007537172999946,0.0,0.0,11190272,19447808,,,
192,2026-10-08T22:13:47.005515+00:00,192.00829135599997,1817,1791494082.08,descendente,1.007538401999227,0.0,0.0,46264320,811569152,,,
192,2026-10-08T22:13:47.005515+00:00,192.00829135599997,1818,1791494082.08,descendente,1.0075437569994392,0.0,0.0,46161920,811569152,,,
193,2026-10-08T22:13:47.999132+00:00,193.00213696599985,1815,1791494081.99,principal,0.9936170379996838,0.0,0.0,24043520,32919552,,,
193,2026-10-08T22:13:47.999132+00:00,193.00213696599985,1816,1791494082.08,descendente,0.9936173810001492,0.0,0.0,11190272,19447808,,,
193,2026-10-08T22:13:47.999132+00:00,193.00213696599985,1817,1791494082.08,descendente,0.9936094610002328,0.0,0.0,46264320,811569152,,,
193,2026-10-08T22:13:47.999132+00:00,193.00213696599985,1818,1791494082.08,descendente,0.9936212650000016,0.0,0.0,46161920,811569152,,,
194,2026-10-08T22:13:48.998464+00:00,194.0015234800003,1815,1791494081.99,principal,0.99933170300028,0.0,0.0,24043520,32919552,,,
194,2026-10-08T22:13:48.998464+00:00,194.0015234800003,1816,1791494082.08,descendente,0.9996558889997686,0.0,0.0,11190272,19447808,,,
194,2026-10-08T22:13:48.998464+00:00,194.0015234800003,1817,1791494082.08,descendente,0.9996694359997491,0.0,0.0,46264320,811569152,,,
194,2026-10-08T22:13:48.998464+00:00,194.0015234800003,1818,1791494082.08,descendente,0.9996573420003187,1.000342775453523,0.5001713877267615,46161920,811569152,,,
195,2026-10-08T22:13:50.001614+00:00,195.00419667699953,1815,1791494081.99,principal,1.00315061099991,0.0,0.0,24043520,32919552,,,
195,2026-10-08T22:13:50.001614+00:00,195.00419667699953,1816,1791494082.08,descendente,1.0028240649999134,0.0,0.0,11190272,19447808,,,
195,2026-10-08T22:13:50.001614+00:00,195.00419667699953,1817,1791494082.08,descendente,1.0028111600004195,0.0,0.0,46264320,811569152,,,
195,2026-10-08T22:13:50.001614+00:00,195.00419667699953,1818,1791494082.08,descendente,1.0028050290002284,0.0,0.0,46161920,811569152,,,
196,2026-10-08T22:13:50.998616+00:00,196.0013884809996,1815,1791494081.99,principal,0.9970031720004044,0.0,0.0,24043520,32919552,,,
196,2026-10-08T22:13:50.998616+00:00,196.0013884809996,1816,1791494082.08,descendente,0.9970087780002359,0.0,0.0,11190272,19447808,,,
196,2026-10-08T22:13:50.998616+00:00,196.0013884809996,1817,1791494082.08,descendente,0.997013385000173,0.0,0.0,46264320,811569152,,,
196,2026-10-08T22:13:50.998616+00:00,196.0013884809996,1818,1791494082.08,descendente,0.9970194380002795,0.0,0.0,46161920,811569152,,,
197,2026-10-08T22:13:52.004758+00:00,197.00775685699955,1815,1791494081.99,principal,1.006140139999843,0.0,0.0,24043520,32919552,,,
197,2026-10-08T22:13:52.004758+00:00,197.00775685699955,1816,1791494082.08,descendente,1.0061339640005826,0.0,0.0,11190272,19447808,,,
197,2026-10-08T22:13:52.004758+00:00,197.00775685699955,1817,1791494082.08,descendente,1.0061318879997998,0.0,0.0,46264320,811569152,,,
197,2026-10-08T22:13:52.004758+00:00,197.00775685699955,1818,1791494082.08,descendente,1.0061261409991857,0.0,0.0,46161920,811569152,,,
198,2026-10-08T22:13:53.003878+00:00,198.0069031490002,1815,1791494081.99,principal,0.9991201349994299,0.0,0.0,24043520,32919552,,,
198,2026-10-08T22:13:53.003878+00:00,198.0069031490002,1816,1791494082.08,descendente,0.9991218069999377,0.0,0.0,11190272,19447808,,,
198,2026-10-08T22:13:53.003878+00:00,198.0069031490002,1817,1791494082.08,descendente,0.9991226780002762,0.0,0.0,46264320,811569152,,,
198,2026-10-08T22:13:53.003878+00:00,198.0069031490002,1818,1791494082.08,descendente,0.9991258660002131,0.0,0.0,46161920,811569152,,,
199,2026-10-08T22:13:54.003134+00:00,199.00618848399972,1815,1791494081.99,principal,0.999257430000398,0.0,0.0,24043520,32919552,,,
199,2026-10-08T22:13:54.003134+00:00,199.00618848399972,1816,1791494082.08,descendente,0.9992565719994673,0.0,0.0,11190272,19447808,,,
199,2026-10-08T22:13:54.003134+00:00,199.00618848399972,1817,1791494082.08,descendente,0.9992557189998479,0.0,0.0,46264320,811569152,,,
199,2026-10-08T22:13:54.003134+00:00,199.00618848399972,1818,1791494082.08,descendente,0.9992544180004188,0.0,0.0,46161920,811569152,,,
